0,2126	20,3767	
0,2357	20,9229	
0,2336	20,9928	
0,2336	20,9928	
0,2333	20,9918	
0,229	20,8833	
0,2582	21,4038	
0,2562	21,4815	
0,2562	21,4815	
0,2558	21,4804	
0,2546	21,5324	
0,2546	21,5324	
0,2546	21,5324	
0,2543	21,5316	
0,2543	21,5316	
0,2541	21,5305	
0,2512	21,3613	
0,2504	21,4483	
0,2504	21,4483	
0,25	21,4471	
0,2429	21,3113	
0,2796	21,8204	
0,2777	21,9056	
0,2777	21,9056	
0,2773	21,9044	
0,2762	21,9615	
0,2762	21,9615	
0,2762	21,9615	
0,2759	21,9606	
0,2759	21,9606	
0,2756	21,9594	
0,2751	21,9862	
0,2751	21,9862	
0,2751	21,9862	
0,2751	21,9862	
0,2749	21,9856	
0,2749	21,9856	
0,2749	21,9856	
0,2746	21,9847	
0,2746	21,9847	
0,2743	21,9835	
0,2724	21,7755	
0,2718	21,871	
0,2718	21,871	
0,2713	21,8696	
0,2716	21,9369	
0,2716	21,9369	
0,2716	21,9369	
0,2712	21,9359	
0,2712	21,9359	
0,2709	21,9346	
0,2637	21,7233	
0,2645	21,8296	
0,2645	21,8296	
0,264	21,8281	
0,2532	21,6609	
0,2995	22,1758	
0,2978	22,2681	
0,2978	22,2681	
0,2974	22,2667	
0,2964	22,3285	
0,2964	22,3285	
0,2964	22,3285	
0,2961	22,3275	
0,2961	22,3275	
0,2957	22,3263	
0,2952	22,3551	
0,2952	22,3551	
0,2952	22,3551	
0,2952	22,3551	
0,295	22,3544	
0,295	22,3544	
0,295	22,3544	
0,2947	22,3535	
0,2947	22,3535	
0,2944	22,3522	
0,2964	22,34	
0,2964	22,34	
0,2964	22,34	
0,2964	22,34	
0,2964	22,34	
0,2963	22,3394	
0,2963	22,3394	
0,2963	22,3394	
0,2963	22,3394	
0,2962	22,3386	
0,2962	22,3386	
0,2962	22,3386	
0,2961	22,3375	
0,2961	22,3375	
0,296	22,3361	
0,2919	22,129	
0,2917	22,2322	
0,2917	22,2322	
0,2913	22,2308	
0,2918	22,3036	
0,2918	22,3036	
0,2918	22,3036	
0,2914	22,3026	
0,2914	22,3026	
0,291	22,3012	
0,2922	22,3422	
0,2922	22,3422	
0,2922	22,3422	
0,2922	22,3422	
0,2919	22,3414	
0,2919	22,3414	
0,2919	22,3414	
0,2916	22,3404	
0,2916	22,3404	
0,2912	22,339	
0,283	22,0749	
0,2844	22,1898	
0,2844	22,1898	
0,2838	22,1882	
0,2858	22,2724	
0,2858	22,2724	
0,2858	22,2724	
0,2854	22,2713	
0,2854	22,2713	
0,2849	22,2698	
0,2721	22,0103	
0,2751	22,1379	
0,2751	22,1379	
0,2745	22,1362	
0,2596	21,9385	
0,3175	22,4745	
0,3161	22,5732	
0,3161	22,5732	
0,3156	22,5717	
0,3148	22,6377	
0,3148	22,6377	
0,3148	22,6377	
0,3144	22,6367	
0,3144	22,6367	
0,314	22,6353	
0,314	22,6656	
0,314	22,6656	
0,314	22,6656	
0,314	22,6656	
0,3139	22,6646	
0,3139	22,6646	
0,3139	22,6646	
0,3138	22,6634	
0,3138	22,6634	
0,3136	22,6619	
0,318	22,6461	
0,318	22,6461	
0,318	22,6461	
0,318	22,6461	
0,318	22,6461	
0,318	22,6454	
0,318	22,6454	
0,318	22,6454	
0,318	22,6454	
0,3179	22,6445	
0,3179	22,6445	
0,3179	22,6445	
0,3177	22,6434	
0,3177	22,6434	
0,3176	22,6419	
0,3226	22,5716	
0,3226	22,5716	
0,3226	22,5716	
0,3226	22,5716	
0,3226	22,5716	
0,3226	22,5716	
0,3226	22,5711	
0,3226	22,5711	
0,3226	22,5711	
0,3226	22,5711	
0,3226	22,5711	
0,3225	22,5705	
0,3225	22,5705	
0,3225	22,5705	
0,3225	22,5705	
0,3224	22,5697	
0,3224	22,5697	
0,3224	22,5697	
0,3223	22,5686	
0,3223	22,5686	
0,3221	22,5672	
0,3097	22,4259	
0,3099	22,5363	
0,3099	22,5363	
0,3094	22,5347	
0,3103	22,6126	
0,3103	22,6126	
0,3103	22,6126	
0,3098	22,6115	
0,3098	22,6115	
0,3094	22,61	
0,3112	22,6534	
0,3112	22,6534	
0,3112	22,6534	
0,3112	22,6534	
0,3111	22,6523	
0,3111	22,6523	
0,3111	22,6523	
0,3109	22,6511	
0,3109	22,6511	
0,3108	22,6494	
0,3161	22,6505	
0,3161	22,6505	
0,3161	22,6505	
0,3161	22,6505	
0,3161	22,6505	
0,316	22,6498	
0,316	22,6498	
0,316	22,6498	
0,316	22,6498	
0,3159	22,6488	
0,3159	22,6488	
0,3159	22,6488	
0,3158	22,6476	
0,3158	22,6476	
0,3156	22,646	
0,3006	22,3704	
0,3024	22,493	
0,3024	22,493	
0,3018	22,4913	
0,3043	22,5813	
0,3043	22,5813	
0,3043	22,5813	
0,3038	22,5801	
0,3038	22,5801	
0,3033	22,5785	
0,3075	22,634	
0,3075	22,634	
0,3075	22,634	
0,3075	22,634	
0,3074	22,6329	
0,3074	22,6329	
0,3074	22,6329	
0,3072	22,6315	
0,3072	22,6315	
0,307	22,6297	
0,2892	22,3039	
0,2929	22,44	
0,2929	22,44	
0,2922	22,4382	
0,2965	22,5412	
0,2965	22,5412	
0,2965	22,5412	
0,2961	22,5397	
0,2961	22,5397	
0,2959	22,5376	
0,2761	22,2289	
0,2817	22,3792	
0,2817	22,3792	
0,2814	22,3767	
0,2629	22,146	
0,3337	22,7214	
0,3325	22,8257	
0,3325	22,8257	
0,332	22,8241	
0,3314	22,8939	
0,3314	22,8939	
0,3314	22,8939	
0,331	22,8928	
0,331	22,8928	
0,3306	22,8913	
0,3333	22,9205	
0,3333	22,9205	
0,3333	22,9205	
0,3333	22,9205	
0,3332	22,9194	
0,3332	22,9194	
0,3332	22,9194	
0,3331	22,9182	
0,3331	22,9182	
0,3329	22,9166	
0,3375	22,8994	
0,3375	22,8994	
0,3375	22,8994	
0,3375	22,8994	
0,3375	22,8994	
0,3374	22,8987	
0,3374	22,8987	
0,3374	22,8987	
0,3374	22,8987	
0,3373	22,8978	
0,3373	22,8978	
0,3373	22,8978	
0,3372	22,8966	
0,3372	22,8966	
0,337	22,895	
0,342	22,82	
0,342	22,82	
0,342	22,82	
0,342	22,82	
0,342	22,82	
0,342	22,82	
0,342	22,8195	
0,342	22,8195	
0,342	22,8195	
0,342	22,8195	
0,342	22,8195	
0,3419	22,8189	
0,3419	22,8189	
0,3419	22,8189	
0,3419	22,8189	
0,3418	22,818	
0,3418	22,818	
0,3418	22,818	
0,3416	22,8169	
0,3416	22,8169	
0,3415	22,8154	
0,3473	22,6616	
0,3473	22,6616	
0,3473	22,6616	
0,3473	22,6616	
0,3473	22,6616	
0,3473	22,6616	
0,3472	22,6612	
0,3472	22,6612	
0,3472	22,6612	
0,3472	22,6612	
0,3472	22,6612	
0,3472	22,6606	
0,3472	22,6606	
0,3472	22,6606	
0,3472	22,6606	
0,3471	22,6598	
0,3471	22,6598	
0,3471	22,6598	
0,3469	22,6587	
0,3469	22,6587	
0,3467	22,6573	
0,3257	22,6713	
0,3263	22,788	
0,3263	22,788	
0,3257	22,7863	
0,3269	22,8687	
0,3269	22,8687	
0,3269	22,8687	
0,3264	22,8674	
0,3264	22,8674	
0,326	22,8659	
0,3305	22,9092	
0,3305	22,9092	
0,3305	22,9092	
0,3305	22,9092	
0,3304	22,9081	
0,3304	22,9081	
0,3304	22,9081	
0,3302	22,9067	
0,3302	22,9067	
0,33	22,9049	
0,3357	22,9058	
0,3357	22,9058	
0,3357	22,9058	
0,3357	22,9058	
0,3357	22,9058	
0,3356	22,905	
0,3356	22,905	
0,3356	22,905	
0,3356	22,905	
0,3355	22,904	
0,3355	22,904	
0,3355	22,904	
0,3353	22,9027	
0,3353	22,9027	
0,3351	22,901	
0,3414	22,8494	
0,3414	22,8494	
0,3414	22,8494	
0,3414	22,8494	
0,3414	22,8494	
0,3414	22,8494	
0,3413	22,8488	
0,3413	22,8488	
0,3413	22,8488	
0,3413	22,8488	
0,3413	22,8488	
0,3412	22,8481	
0,3412	22,8481	
0,3412	22,8481	
0,3412	22,8481	
0,3411	22,8472	
0,3411	22,8472	
0,3411	22,8472	
0,3409	22,8459	
0,3409	22,8459	
0,3407	22,8443	
0,3162	22,6145	
0,3186	22,744	
0,3186	22,744	
0,318	22,7422	
0,321	22,8372	
0,321	22,8372	
0,321	22,8372	
0,3205	22,8359	
0,3205	22,8359	
0,3203	22,8339	
0,3267	22,8907	
0,3267	22,8907	
0,3267	22,8907	
0,3267	22,8907	
0,3266	22,8895	
0,3266	22,8895	
0,3266	22,8895	
0,3264	22,888	
0,3264	22,888	
0,3262	22,886	
0,3328	22,9039	
0,3328	22,9039	
0,3328	22,9039	
0,3328	22,9039	
0,3328	22,9039	
0,3327	22,903	
0,3327	22,903	
0,3327	22,903	
0,3327	22,903	
0,3326	22,9019	
0,3326	22,9019	
0,3326	22,9019	
0,3324	22,9005	
0,3324	22,9005	
0,3321	22,8986	
0,3046	22,5464	
0,3089	22,6901	
0,3089	22,6901	
0,3082	22,6881	
0,3147	22,7953	
0,3147	22,7953	
0,3147	22,7953	
0,3145	22,7935	
0,3145	22,7935	
0,3143	22,7913	
0,3218	22,8631	
0,3218	22,8631	
0,3218	22,8631	
0,3218	22,8631	
0,3216	22,8618	
0,3216	22,8618	
0,3216	22,8618	
0,3214	22,8601	
0,3214	22,8601	
0,3211	22,858	
0,2908	22,4687	
0,2989	22,6259	
0,2989	22,6259	
0,2986	22,6233	
0,3076	22,7441	
0,3076	22,7441	
0,3076	22,7441	
0,3074	22,7421	
0,3074	22,7421	
0,3071	22,7397	
0,2783	22,3811	
0,2896	22,5526	
0,2896	22,5526	
0,2892	22,5497	
0,2653	22,2743	
0,3481	22,9214	
0,3472	23,0304	
0,3472	23,0304	
0,3466	23,0288	
0,3462	23,1018	
0,3462	23,1018	
0,3462	23,1018	
0,3459	23,1005	
0,3459	23,1005	
0,3457	23,0987	
0,3505	23,1272	
0,3505	23,1272	
0,3505	23,1272	
0,3505	23,1272	
0,3504	23,1262	
0,3504	23,1262	
0,3504	23,1262	
0,3502	23,1249	
0,3502	23,1249	
0,35	23,1232	
0,3547	23,1049	
0,3547	23,1049	
0,3547	23,1049	
0,3547	23,1049	
0,3547	23,1049	
0,3547	23,1041	
0,3547	23,1041	
0,3547	23,1041	
0,3547	23,1041	
0,3545	23,1032	
0,3545	23,1032	
0,3545	23,1032	
0,3544	23,1019	
0,3544	23,1019	
0,3542	23,1003	
0,3591	23,0213	
0,3591	23,0213	
0,3591	23,0213	
0,3591	23,0213	
0,3591	23,0213	
0,3591	23,0213	
0,3591	23,0207	
0,3591	23,0207	
0,3591	23,0207	
0,3591	23,0207	
0,3591	23,0207	
0,359	23,0201	
0,359	23,0201	
0,359	23,0201	
0,359	23,0201	
0,3589	23,0192	
0,3589	23,0192	
0,3589	23,0192	
0,3587	23,018	
0,3587	23,018	
0,3586	23,0165	
0,364	22,8549	
0,364	22,8549	
0,364	22,8549	
0,364	22,8549	
0,364	22,8549	
0,364	22,8549	
0,3639	22,8545	
0,3639	22,8545	
0,3639	22,8545	
0,3639	22,8545	
0,3639	22,8545	
0,3639	22,8538	
0,3639	22,8538	
0,3639	22,8538	
0,3639	22,8538	
0,3637	22,853	
0,3637	22,853	
0,3637	22,853	
0,3636	22,8519	
0,3636	22,8519	
0,3634	22,8505	
0,3697	22,5769	
0,3697	22,5769	
0,3697	22,5769	
0,3697	22,5769	
0,3697	22,5769	
0,3697	22,5769	
0,3696	22,5765	
0,3696	22,5765	
0,3696	22,5765	
0,3696	22,5765	
0,3696	22,5765	
0,3696	22,5759	
0,3696	22,5759	
0,3696	22,5759	
0,3696	22,5759	
0,3695	22,5751	
0,3695	22,5751	
0,3695	22,5751	
0,3693	22,5741	
0,3693	22,5741	
0,3691	22,5728	
0,3399	22,8701	
0,3409	22,992	
0,3409	22,992	
0,3402	22,9903	
0,3421	23,0761	
0,3421	23,0761	
0,3421	23,0761	
0,3419	23,0745	
0,3419	23,0745	
0,3417	23,0726	
0,3476	23,1167	
0,3476	23,1167	
0,3476	23,1167	
0,3476	23,1167	
0,3475	23,1156	
0,3475	23,1156	
0,3475	23,1156	
0,3473	23,1142	
0,3473	23,1142	
0,3471	23,1123	
0,353	23,1129	
0,353	23,1129	
0,353	23,1129	
0,353	23,1129	
0,353	23,1129	
0,3529	23,1121	
0,3529	23,1121	
0,3529	23,1121	
0,3529	23,1121	
0,3528	23,1111	
0,3528	23,1111	
0,3528	23,1111	
0,3526	23,1097	
0,3526	23,1097	
0,3524	23,1079	
0,3588	23,0534	
0,3588	23,0534	
0,3588	23,0534	
0,3588	23,0534	
0,3588	23,0534	
0,3588	23,0534	
0,3587	23,0528	
0,3587	23,0528	
0,3587	23,0528	
0,3587	23,0528	
0,3587	23,0528	
0,3586	23,0521	
0,3586	23,0521	
0,3586	23,0521	
0,3586	23,0521	
0,3585	23,0511	
0,3585	23,0511	
0,3585	23,0511	
0,3583	23,0498	
0,3583	23,0498	
0,3581	23,0481	
0,3653	22,9195	
0,3653	22,9195	
0,3653	22,9195	
0,3653	22,9195	
0,3653	22,9195	
0,3653	22,9195	
0,3653	22,919	
0,3653	22,919	
0,3653	22,919	
0,3653	22,919	
0,3653	22,919	
0,3652	22,9183	
0,3652	22,9183	
0,3652	22,9183	
0,3652	22,9183	
0,365	22,9174	
0,365	22,9174	
0,365	22,9174	
0,3649	22,9162	
0,3649	22,9162	
0,3646	22,9146	
0,3302	22,8121	
0,3331	22,9474	
0,3331	22,9474	
0,3324	22,9456	
0,3372	23,0435	
0,3372	23,0435	
0,3372	23,0435	
0,337	23,0418	
0,337	23,0418	
0,3368	23,0397	
0,3438	23,099	
0,3438	23,099	
0,3438	23,099	
0,3438	23,099	
0,3437	23,0977	
0,3437	23,0977	
0,3437	23,0977	
0,3435	23,0961	
0,3435	23,0961	
0,3432	23,0941	
0,3502	23,1125	
0,3502	23,1125	
0,3502	23,1125	
0,3502	23,1125	
0,3502	23,1125	
0,3501	23,1115	
0,3501	23,1115	
0,3501	23,1115	
0,3501	23,1115	
0,35	23,1104	
0,35	23,1104	
0,35	23,1104	
0,3498	23,1089	
0,3498	23,1089	
0,3495	23,1069	
0,3571	23,0749	
0,3571	23,0749	
0,3571	23,0749	
0,3571	23,0749	
0,3571	23,0749	
0,3571	23,0749	
0,357	23,0742	
0,357	23,0742	
0,357	23,0742	
0,357	23,0742	
0,357	23,0742	
0,3569	23,0734	
0,3569	23,0734	
0,3569	23,0734	
0,3569	23,0734	
0,3567	23,0723	
0,3567	23,0723	
0,3567	23,0723	
0,3566	23,0709	
0,3566	23,0709	
0,3563	23,0691	
0,3182	22,7427	
0,3232	22,8928	
0,3232	22,8928	
0,3225	22,8907	
0,3311	23,0012	
0,3311	23,0012	
0,3311	23,0012	
0,3309	22,9994	
0,3309	22,9994	
0,3306	22,9971	
0,3387	23,072	
0,3387	23,072	
0,3387	23,072	
0,3387	23,072	
0,3386	23,0706	
0,3386	23,0706	
0,3386	23,0706	
0,3384	23,0689	
0,3384	23,0689	
0,3381	23,0667	
0,3462	23,1029	
0,3462	23,1029	
0,3462	23,1029	
0,3462	23,1029	
0,3462	23,1029	
0,346	23,1019	
0,346	23,1019	
0,346	23,1019	
0,346	23,1019	
0,3459	23,1006	
0,3459	23,1006	
0,3459	23,1006	
0,3457	23,099	
0,3457	23,099	
0,3454	23,0968	
0,304	22,6629	
0,3141	22,8259	
0,3141	22,8259	
0,3137	22,8231	
0,3237	22,9494	
0,3237	22,9494	
0,3237	22,9494	
0,3234	22,9474	
0,3234	22,9474	
0,3231	22,9449	
0,3325	23,0358	
0,3325	23,0358	
0,3325	23,0358	
0,3325	23,0358	
0,3323	23,0343	
0,3323	23,0343	
0,3323	23,0343	
0,332	23,0324	
0,332	23,0324	
0,3317	23,03	
0,2918	22,5712	
0,3043	22,7505	
0,3043	22,7505	
0,3039	22,7475	
0,3153	22,8899	
0,3153	22,8899	
0,3153	22,8899	
0,315	22,8876	
0,315	22,8876	
0,3146	22,8849	
0,2782	22,4615	
0,2924	22,6599	
0,2924	22,6599	
0,292	22,6566	
0,2625	22,3363	
0,361	23,0785	
0,3603	23,1914	
0,3603	23,1914	
0,3598	23,1898	
0,3609	23,2639	
0,3609	23,2639	
0,3609	23,2639	
0,3607	23,2624	
0,3607	23,2624	
0,3605	23,2606	
0,3656	23,29	
0,3656	23,29	
0,3656	23,29	
0,3656	23,29	
0,3655	23,2889	
0,3655	23,2889	
0,3655	23,2889	
0,3653	23,2875	
0,3653	23,2875	
0,3651	23,2857	
0,3699	23,2665	
0,3699	23,2665	
0,3699	23,2665	
0,3699	23,2665	
0,3699	23,2665	
0,3699	23,2657	
0,3699	23,2657	
0,3699	23,2657	
0,3699	23,2657	
0,3697	23,2647	
0,3697	23,2647	
0,3697	23,2647	
0,3696	23,2634	
0,3696	23,2634	
0,3694	23,2617	
0,3742	23,1794	
0,3742	23,1794	
0,3742	23,1794	
0,3742	23,1794	
0,3742	23,1794	
0,3742	23,1794	
0,3741	23,1789	
0,3741	23,1789	
0,3741	23,1789	
0,3741	23,1789	
0,3741	23,1789	
0,374	23,1782	
0,374	23,1782	
0,374	23,1782	
0,374	23,1782	
0,3739	23,1772	
0,3739	23,1772	
0,3739	23,1772	
0,3738	23,176	
0,3738	23,176	
0,3736	23,1744	
0,3786	23,0065	
0,3786	23,0065	
0,3786	23,0065	
0,3786	23,0065	
0,3786	23,0065	
0,3786	23,0065	
0,3786	23,0061	
0,3786	23,0061	
0,3786	23,0061	
0,3786	23,0061	
0,3786	23,0061	
0,3785	23,0054	
0,3785	23,0054	
0,3785	23,0054	
0,3785	23,0054	
0,3784	23,0045	
0,3784	23,0045	
0,3784	23,0045	
0,3782	23,0034	
0,3782	23,0034	
0,378	23,0019	
0,3835	22,7183	
0,3835	22,7183	
0,3835	22,7183	
0,3835	22,7183	
0,3835	22,7183	
0,3835	22,7183	
0,3835	22,7178	
0,3835	22,7178	
0,3835	22,7178	
0,3835	22,7178	
0,3835	22,7178	
0,3834	22,7172	
0,3834	22,7172	
0,3834	22,7172	
0,3834	22,7172	
0,3833	22,7165	
0,3833	22,7165	
0,3833	22,7165	
0,3832	22,7154	
0,3832	22,7154	
0,383	22,714	
0,3891	22,2775	
0,3891	22,2775	
0,3891	22,2775	
0,3891	22,2775	
0,3891	22,2775	
0,3891	22,2775	
0,3891	22,2771	
0,3891	22,2771	
0,3891	22,2771	
0,3891	22,2771	
0,3891	22,2771	
0,389	22,2766	
0,389	22,2766	
0,389	22,2766	
0,389	22,2766	
0,3889	22,2759	
0,3889	22,2759	
0,3889	22,2759	
0,3888	22,275	
0,3888	22,275	
0,3886	22,2738	
0,3526	23,0261	
0,3539	23,1524	
0,3539	23,1524	
0,3533	23,1506	
0,3568	23,2381	
0,3568	23,2381	
0,3568	23,2381	
0,3567	23,2365	
0,3567	23,2365	
0,3564	23,2345	
0,3627	23,2801	
0,3627	23,2801	
0,3627	23,2801	
0,3627	23,2801	
0,3626	23,2789	
0,3626	23,2789	
0,3626	23,2789	
0,3624	23,2774	
0,3624	23,2774	
0,3622	23,2755	
0,3683	23,2759	
0,3683	23,2759	
0,3683	23,2759	
0,3683	23,2759	
0,3683	23,2759	
0,3682	23,275	
0,3682	23,275	
0,3682	23,275	
0,3682	23,275	
0,3681	23,274	
0,3681	23,274	
0,3681	23,274	
0,3679	23,2725	
0,3679	23,2725	
0,3677	23,2707	
0,3741	23,2138	
0,3741	23,2138	
0,3741	23,2138	
0,3741	23,2138	
0,3741	23,2138	
0,3741	23,2138	
0,374	23,2132	
0,374	23,2132	
0,374	23,2132	
0,374	23,2132	
0,374	23,2132	
0,3739	23,2125	
0,3739	23,2125	
0,3739	23,2125	
0,3739	23,2125	
0,3738	23,2114	
0,3738	23,2114	
0,3738	23,2114	
0,3736	23,2101	
0,3736	23,2101	
0,3734	23,2084	
0,3804	23,0745	
0,3804	23,0745	
0,3804	23,0745	
0,3804	23,0745	
0,3804	23,0745	
0,3804	23,0745	
0,3803	23,074	
0,3803	23,074	
0,3803	23,074	
0,3803	23,074	
0,3803	23,074	
0,3802	23,0733	
0,3802	23,0733	
0,3802	23,0733	
0,3802	23,0733	
0,3801	23,0723	
0,3801	23,0723	
0,3801	23,0723	
0,3799	23,0711	
0,3799	23,0711	
0,3797	23,0694	
0,3878	22,8314	
0,3878	22,8314	
0,3878	22,8314	
0,3878	22,8314	
0,3878	22,8314	
0,3878	22,8314	
0,3877	22,8309	
0,3877	22,8309	
0,3877	22,8309	
0,3877	22,8309	
0,3877	22,8309	
0,3876	22,8303	
0,3876	22,8303	
0,3876	22,8303	
0,3876	22,8303	
0,3875	22,8294	
0,3875	22,8294	
0,3875	22,8294	
0,3873	22,8282	
0,3873	22,8282	
0,3871	22,8267	
0,3427	22,9673	
0,3461	23,1073	
0,3461	23,1073	
0,3454	23,1054	
0,3519	23,2056	
0,3519	23,2056	
0,3519	23,2056	
0,3517	23,2039	
0,3517	23,2039	
0,3514	23,2017	
0,3589	23,2629	
0,3589	23,2629	
0,3589	23,2629	
0,3589	23,2629	
0,3587	23,2616	
0,3587	23,2616	
0,3587	23,2616	
0,3585	23,26	
0,3585	23,26	
0,3583	23,2579	
0,3656	23,2767	
0,3656	23,2767	
0,3656	23,2767	
0,3656	23,2767	
0,3656	23,2767	
0,3655	23,2757	
0,3655	23,2757	
0,3655	23,2757	
0,3655	23,2757	
0,3653	23,2745	
0,3653	23,2745	
0,3653	23,2745	
0,3651	23,273	
0,3651	23,273	
0,3649	23,2709	
0,3726	23,2373	
0,3726	23,2373	
0,3726	23,2373	
0,3726	23,2373	
0,3726	23,2373	
0,3726	23,2373	
0,3725	23,2366	
0,3725	23,2366	
0,3725	23,2366	
0,3725	23,2366	
0,3725	23,2366	
0,3724	23,2358	
0,3724	23,2358	
0,3724	23,2358	
0,3724	23,2358	
0,3722	23,2347	
0,3722	23,2347	
0,3722	23,2347	
0,372	23,2332	
0,372	23,2332	
0,3718	23,2313	
0,3804	23,1281	
0,3804	23,1281	
0,3804	23,1281	
0,3804	23,1281	
0,3804	23,1281	
0,3804	23,1281	
0,3803	23,1276	
0,3803	23,1276	
0,3803	23,1276	
0,3803	23,1276	
0,3803	23,1276	
0,3802	23,1268	
0,3802	23,1268	
0,3802	23,1268	
0,3802	23,1268	
0,38	23,1257	
0,38	23,1257	
0,38	23,1257	
0,3798	23,1243	
0,3798	23,1243	
0,3795	23,1225	
0,3305	22,8969	
0,3366	23,0516	
0,3366	23,0516	
0,3363	23,049	
0,3456	23,1634	
0,3456	23,1634	
0,3456	23,1634	
0,3453	23,1614	
0,3453	23,1614	
0,345	23,1591	
0,3538	23,2366	
0,3538	23,2366	
0,3538	23,2366	
0,3538	23,2366	
0,3536	23,2351	
0,3536	23,2351	
0,3536	23,2351	
0,3533	23,2334	
0,3533	23,2334	
0,353	23,2311	
0,3616	23,2683	
0,3616	23,2683	
0,3616	23,2683	
0,3616	23,2683	
0,3616	23,2683	
0,3614	23,2672	
0,3614	23,2672	
0,3614	23,2672	
0,3614	23,2672	
0,3613	23,266	
0,3613	23,266	
0,3613	23,266	
0,361	23,2642	
0,361	23,2642	
0,3607	23,262	
0,3697	23,251	
0,3697	23,251	
0,3697	23,251	
0,3697	23,251	
0,3697	23,251	
0,3697	23,251	
0,3696	23,2503	
0,3696	23,2503	
0,3696	23,2503	
0,3696	23,2503	
0,3696	23,2503	
0,3694	23,2494	
0,3694	23,2494	
0,3694	23,2494	
0,3694	23,2494	
0,3692	23,2481	
0,3692	23,2481	
0,3692	23,2481	
0,369	23,2465	
0,369	23,2465	
0,3687	23,2444	
0,3158	22,8152	
0,3275	22,9831	
0,3275	22,9831	
0,3271	22,9803	
0,3379	23,1111	
0,3379	23,1111	
0,3379	23,1111	
0,3376	23,109	
0,3376	23,109	
0,3373	23,1064	
0,3473	23,2006	
0,3473	23,2006	
0,3473	23,2006	
0,3473	23,2006	
0,3471	23,199	
0,3471	23,199	
0,3471	23,199	
0,3468	23,1971	
0,3468	23,1971	
0,3465	23,1945	
0,3562	23,2499	
0,3562	23,2499	
0,3562	23,2499	
0,3562	23,2499	
0,3562	23,2499	
0,3561	23,2488	
0,3561	23,2488	
0,3561	23,2488	
0,3561	23,2488	
0,3559	23,2474	
0,3559	23,2474	
0,3559	23,2474	
0,3556	23,2455	
0,3556	23,2455	
0,3552	23,243	
0,3038	22,7205	
0,3173	22,9062	
0,3173	22,9062	
0,3169	22,9031	
0,3291	23,0506	
0,3291	23,0506	
0,3291	23,0506	
0,3288	23,0483	
0,3288	23,0483	
0,3284	23,0455	
0,3398	23,1561	
0,3398	23,1561	
0,3398	23,1561	
0,3398	23,1561	
0,3396	23,1544	
0,3396	23,1544	
0,3396	23,1544	
0,3393	23,1523	
0,3393	23,1523	
0,3389	23,1495	
0,2896	22,6086	
0,3049	22,814	
0,3049	22,814	
0,3045	22,8106	
0,3184	22,9766	
0,3184	22,9766	
0,3184	22,9766	
0,3181	22,974	
0,3181	22,974	
0,3176	22,9709	
0,2733	22,4805	
0,2905	22,7072	
0,2905	22,7072	
0,29	22,7035	
0,2543	22,3328	
0,3728	23,1951	
0,3724	23,311	
0,3724	23,311	
0,3719	23,3093	
0,3741	23,3844	
0,3741	23,3844	
0,3741	23,3844	
0,374	23,3829	
0,374	23,3829	
0,3737	23,381	
0,3791	23,4111	
0,3791	23,4111	
0,3791	23,4111	
0,3791	23,4111	
0,3789	23,4099	
0,3789	23,4099	
0,3789	23,4099	
0,3788	23,4085	
0,3788	23,4085	
0,3785	23,4067	
0,3834	23,3867	
0,3834	23,3867	
0,3834	23,3867	
0,3834	23,3867	
0,3834	23,3867	
0,3833	23,3859	
0,3833	23,3859	
0,3833	23,3859	
0,3833	23,3859	
0,3832	23,3849	
0,3832	23,3849	
0,3832	23,3849	
0,3831	23,3836	
0,3831	23,3836	
0,3828	23,3818	
0,3875	23,2969	
0,3875	23,2969	
0,3875	23,2969	
0,3875	23,2969	
0,3875	23,2969	
0,3875	23,2969	
0,3875	23,2964	
0,3875	23,2964	
0,3875	23,2964	
0,3875	23,2964	
0,3875	23,2964	
0,3874	23,2956	
0,3874	23,2956	
0,3874	23,2956	
0,3874	23,2956	
0,3872	23,2947	
0,3872	23,2947	
0,3872	23,2947	
0,3871	23,2934	
0,3871	23,2934	
0,3869	23,2918	
0,3915	23,119	
0,3915	23,119	
0,3915	23,119	
0,3915	23,119	
0,3915	23,119	
0,3915	23,119	
0,3914	23,1185	
0,3914	23,1185	
0,3914	23,1185	
0,3914	23,1185	
0,3914	23,1185	
0,3914	23,1178	
0,3914	23,1178	
0,3914	23,1178	
0,3914	23,1178	
0,3912	23,117	
0,3912	23,117	
0,3912	23,117	
0,3911	23,1158	
0,3911	23,1158	
0,3909	23,1143	
0,3957	22,8229	
0,3957	22,8229	
0,3957	22,8229	
0,3957	22,8229	
0,3957	22,8229	
0,3957	22,8229	
0,3956	22,8224	
0,3956	22,8224	
0,3956	22,8224	
0,3956	22,8224	
0,3956	22,8224	
0,3955	22,8218	
0,3955	22,8218	
0,3955	22,8218	
0,3955	22,8218	
0,3954	22,821	
0,3954	22,821	
0,3954	22,821	
0,3953	22,82	
0,3953	22,82	
0,3951	22,8185	
0,4002	22,3711	
0,4002	22,3711	
0,4002	22,3711	
0,4002	22,3711	
0,4002	22,3711	
0,4002	22,3711	
0,4001	22,3707	
0,4001	22,3707	
0,4001	22,3707	
0,4001	22,3707	
0,4001	22,3707	
0,40	22,3702	
0,40	22,3702	
0,40	22,3702	
0,40	22,3702	
0,3999	22,3695	
0,3999	22,3695	
0,3999	22,3695	
0,3998	22,3686	
0,3998	22,3686	
0,3996	22,3673	
0,4049	21,7256	
0,4049	21,7256	
0,4049	21,7256	
0,4049	21,7256	
0,4049	21,7256	
0,4049	21,7256	
0,4049	21,7253	
0,4049	21,7253	
0,4049	21,7253	
0,4049	21,7253	
0,4049	21,7253	
0,4048	21,7249	
0,4048	21,7249	
0,4048	21,7249	
0,4048	21,7249	
0,4047	21,7243	
0,4047	21,7243	
0,4047	21,7243	
0,4046	21,7235	
0,4046	21,7235	
0,4044	21,7224	
0,3642	23,1419	
0,366	23,2715	
0,366	23,2715	
0,3653	23,2697	
0,37	23,3587	
0,37	23,3587	
0,37	23,3587	
0,3698	23,357	
0,3698	23,357	
0,3695	23,355	
0,3762	23,4017	
0,3762	23,4017	
0,3762	23,4017	
0,3762	23,4017	
0,376	23,4005	
0,376	23,4005	
0,376	23,4005	
0,3758	23,399	
0,3758	23,399	
0,3756	23,397	
0,3819	23,3972	
0,3819	23,3972	
0,3819	23,3972	
0,3819	23,3972	
0,3819	23,3972	
0,3818	23,3963	
0,3818	23,3963	
0,3818	23,3963	
0,3818	23,3963	
0,3817	23,3952	
0,3817	23,3952	
0,3817	23,3952	
0,3815	23,3938	
0,3815	23,3938	
0,3812	23,3918	
0,3876	23,3331	
0,3876	23,3331	
0,3876	23,3331	
0,3876	23,3331	
0,3876	23,3331	
0,3876	23,3331	
0,3876	23,3325	
0,3876	23,3325	
0,3876	23,3325	
0,3876	23,3325	
0,3876	23,3325	
0,3875	23,3317	
0,3875	23,3317	
0,3875	23,3317	
0,3875	23,3317	
0,3873	23,3307	
0,3873	23,3307	
0,3873	23,3307	
0,3871	23,3293	
0,3871	23,3293	
0,3869	23,3275	
0,3937	23,1897	
0,3937	23,1897	
0,3937	23,1897	
0,3937	23,1897	
0,3937	23,1897	
0,3937	23,1897	
0,3936	23,1891	
0,3936	23,1891	
0,3936	23,1891	
0,3936	23,1891	
0,3936	23,1891	
0,3935	23,1884	
0,3935	23,1884	
0,3935	23,1884	
0,3935	23,1884	
0,3934	23,1874	
0,3934	23,1874	
0,3934	23,1874	
0,3932	23,1861	
0,3932	23,1861	
0,3929	23,1844	
0,4005	22,9397	
0,4005	22,9397	
0,4005	22,9397	
0,4005	22,9397	
0,4005	22,9397	
0,4005	22,9397	
0,4004	22,9392	
0,4004	22,9392	
0,4004	22,9392	
0,4004	22,9392	
0,4004	22,9392	
0,4003	22,9385	
0,4003	22,9385	
0,4003	22,9385	
0,4003	22,9385	
0,4002	22,9376	
0,4002	22,9376	
0,4002	22,9376	
0,40	22,9365	
0,40	22,9365	
0,3998	22,9349	
0,4085	22,5478	
0,4085	22,5478	
0,4085	22,5478	
0,4085	22,5478	
0,4085	22,5478	
0,4085	22,5478	
0,4084	22,5473	
0,4084	22,5473	
0,4084	22,5473	
0,4084	22,5473	
0,4084	22,5473	
0,4083	22,5467	
0,4083	22,5467	
0,4083	22,5467	
0,4083	22,5467	
0,4082	22,5459	
0,4082	22,5459	
0,4082	22,5459	
0,408	22,5449	
0,408	22,5449	
0,4078	22,5435	
0,3542	23,0825	
0,3581	23,2262	
0,3581	23,2262	
0,3573	23,2242	
0,3649	23,3263	
0,3649	23,3263	
0,3649	23,3263	
0,3647	23,3245	
0,3647	23,3245	
0,3644	23,3223	
0,3723	23,385	
0,3723	23,385	
0,3723	23,385	
0,3723	23,385	
0,3721	23,3837	
0,3721	23,3837	
0,3721	23,3837	
0,3719	23,3821	
0,3719	23,3821	
0,3716	23,3799	
0,3793	23,3989	
0,3793	23,3989	
0,3793	23,3989	
0,3793	23,3989	
0,3793	23,3989	
0,3792	23,398	
0,3792	23,398	
0,3792	23,398	
0,3792	23,398	
0,379	23,3968	
0,379	23,3968	
0,379	23,3968	
0,3788	23,3952	
0,3788	23,3952	
0,3785	23,3931	
0,3863	23,3581	
0,3863	23,3581	
0,3863	23,3581	
0,3863	23,3581	
0,3863	23,3581	
0,3863	23,3581	
0,3862	23,3575	
0,3862	23,3575	
0,3862	23,3575	
0,3862	23,3575	
0,3862	23,3575	
0,3861	23,3566	
0,3861	23,3566	
0,3861	23,3566	
0,3861	23,3566	
0,386	23,3555	
0,386	23,3555	
0,386	23,3555	
0,3857	23,3539	
0,3857	23,3539	
0,3854	23,352	
0,3939	23,2456	
0,3939	23,2456	
0,3939	23,2456	
0,3939	23,2456	
0,3939	23,2456	
0,3939	23,2456	
0,3939	23,245	
0,3939	23,245	
0,3939	23,245	
0,3939	23,245	
0,3939	23,245	
0,3937	23,2442	
0,3937	23,2442	
0,3937	23,2442	
0,3937	23,2442	
0,3936	23,2431	
0,3936	23,2431	
0,3936	23,2431	
0,3934	23,2417	
0,3934	23,2417	
0,3931	23,2398	
0,4029	23,0371	
0,4029	23,0371	
0,4029	23,0371	
0,4029	23,0371	
0,4029	23,0371	
0,4029	23,0371	
0,4028	23,0366	
0,4028	23,0366	
0,4028	23,0366	
0,4028	23,0366	
0,4028	23,0366	
0,4027	23,0358	
0,4027	23,0358	
0,4027	23,0358	
0,4027	23,0358	
0,4025	23,0348	
0,4025	23,0348	
0,4025	23,0348	
0,4023	23,0335	
0,4023	23,0335	
0,402	23,0318	
0,3417	23,0113	
0,3489	23,1695	
0,3489	23,1695	
0,3486	23,1669	
0,3585	23,2842	
0,3585	23,2842	
0,3585	23,2842	
0,3582	23,2822	
0,3582	23,2822	
0,3579	23,2797	
0,3671	23,3592	
0,3671	23,3592	
0,3671	23,3592	
0,3671	23,3592	
0,3669	23,3577	
0,3669	23,3577	
0,3669	23,3577	
0,3667	23,3559	
0,3667	23,3559	
0,3664	23,3535	
0,3753	23,3916	
0,3753	23,3916	
0,3753	23,3916	
0,3753	23,3916	
0,3753	23,3916	
0,3751	23,3905	
0,3751	23,3905	
0,3751	23,3905	
0,3751	23,3905	
0,3749	23,3892	
0,3749	23,3892	
0,3749	23,3892	
0,3747	23,3874	
0,3747	23,3874	
0,3744	23,3851	
0,3835	23,3735	
0,3835	23,3735	
0,3835	23,3735	
0,3835	23,3735	
0,3835	23,3735	
0,3835	23,3735	
0,3834	23,3727	
0,3834	23,3727	
0,3834	23,3727	
0,3834	23,3727	
0,3834	23,3727	
0,3833	23,3718	
0,3833	23,3718	
0,3833	23,3718	
0,3833	23,3718	
0,3831	23,3705	
0,3831	23,3705	
0,3831	23,3705	
0,3828	23,3688	
0,3828	23,3688	
0,3825	23,3667	
0,3925	23,2905	
0,3925	23,2905	
0,3925	23,2905	
0,3925	23,2905	
0,3925	23,2905	
0,3925	23,2905	
0,3924	23,2899	
0,3924	23,2899	
0,3924	23,2899	
0,3924	23,2899	
0,3924	23,2899	
0,3922	23,289	
0,3922	23,289	
0,3922	23,289	
0,3922	23,289	
0,3921	23,2878	
0,3921	23,2878	
0,3921	23,2878	
0,3918	23,2862	
0,3918	23,2862	
0,3915	23,2841	
0,327	22,9281	
0,3395	23,1003	
0,3395	23,1003	
0,3391	23,0974	
0,3506	23,2316	
0,3506	23,2316	
0,3506	23,2316	
0,3503	23,2295	
0,3503	23,2295	
0,3499	23,2268	
0,3606	23,3235	
0,3606	23,3235	
0,3606	23,3235	
0,3606	23,3235	
0,3603	23,3218	
0,3603	23,3218	
0,3603	23,3218	
0,3601	23,3199	
0,3601	23,3199	
0,3597	23,3172	
0,3699	23,3741	
0,3699	23,3741	
0,3699	23,3741	
0,3699	23,3741	
0,3699	23,3741	
0,3697	23,3729	
0,3697	23,3729	
0,3697	23,3729	
0,3697	23,3729	
0,3695	23,3714	
0,3695	23,3714	
0,3695	23,3714	
0,3692	23,3695	
0,3692	23,3695	
0,3689	23,3669	
0,3793	23,3777	
0,3793	23,3777	
0,3793	23,3777	
0,3793	23,3777	
0,3793	23,3777	
0,3793	23,3777	
0,3791	23,3768	
0,3791	23,3768	
0,3791	23,3768	
0,3791	23,3768	
0,3791	23,3768	
0,379	23,3758	
0,379	23,3758	
0,379	23,3758	
0,379	23,3758	
0,3788	23,3744	
0,3788	23,3744	
0,3788	23,3744	
0,3785	23,3725	
0,3785	23,3725	
0,3781	23,3701	
0,3146	22,8316	
0,3289	23,0222	
0,3289	23,0222	
0,3285	23,019	
0,3415	23,1706	
0,3415	23,1706	
0,3415	23,1706	
0,3412	23,1682	
0,3412	23,1682	
0,3408	23,1653	
0,3529	23,279	
0,3529	23,279	
0,3529	23,279	
0,3529	23,279	
0,3526	23,2773	
0,3526	23,2773	
0,3526	23,2773	
0,3523	23,2751	
0,3523	23,2751	
0,3519	23,2722	
0,3634	23,347	
0,3634	23,347	
0,3634	23,347	
0,3634	23,347	
0,3634	23,347	
0,3632	23,3457	
0,3632	23,3457	
0,3632	23,3457	
0,3632	23,3457	
0,363	23,3441	
0,363	23,3441	
0,363	23,3441	
0,3626	23,342	
0,3626	23,342	
0,3622	23,3392	
0,2999	22,7181	
0,3162	22,9289	
0,3162	22,9289	
0,3157	22,9255	
0,3306	23,096	
0,3306	23,096	
0,3306	23,096	
0,3302	23,0934	
0,3302	23,0934	
0,3297	23,0902	
0,3434	23,2222	
0,3434	23,2222	
0,3434	23,2222	
0,3434	23,2222	
0,3431	23,2203	
0,3431	23,2203	
0,3431	23,2203	
0,3428	23,2179	
0,3428	23,2179	
0,3423	23,2147	
0,283	22,5879	
0,3013	22,8207	
0,3013	22,8207	
0,3008	22,8169	
0,3176	23,0079	
0,3176	23,0079	
0,3176	23,0079	
0,3172	23,005	
0,3172	23,005	
0,3167	23,0015	
0,2636	22,4393	
0,2841	22,6959	
0,2841	22,6959	
0,2835	22,6918	
0,2397	22,2566	
0,3842	23,2712	
0,3841	23,389	
0,3841	23,389	
0,3835	23,3873	
0,3862	23,4635	
0,3862	23,4635	
0,3862	23,4635	
0,386	23,4619	
0,386	23,4619	
0,3858	23,46	
0,3913	23,4905	
0,3913	23,4905	
0,3913	23,4905	
0,3913	23,4905	
0,3912	23,4893	
0,3912	23,4893	
0,3912	23,4893	
0,391	23,4879	
0,391	23,4879	
0,3908	23,4861	
0,3957	23,4655	
0,3957	23,4655	
0,3957	23,4655	
0,3957	23,4655	
0,3957	23,4655	
0,3956	23,4647	
0,3956	23,4647	
0,3956	23,4647	
0,3956	23,4647	
0,3955	23,4637	
0,3955	23,4637	
0,3955	23,4637	
0,3953	23,4623	
0,3953	23,4623	
0,395	23,4605	
0,3996	23,3739	
0,3996	23,3739	
0,3996	23,3739	
0,3996	23,3739	
0,3996	23,3739	
0,3996	23,3739	
0,3995	23,3733	
0,3995	23,3733	
0,3995	23,3733	
0,3995	23,3733	
0,3995	23,3733	
0,3994	23,3726	
0,3994	23,3726	
0,3994	23,3726	
0,3994	23,3726	
0,3993	23,3716	
0,3993	23,3716	
0,3993	23,3716	
0,3991	23,3703	
0,3991	23,3703	
0,3989	23,3687	
0,4031	23,1925	
0,4031	23,1925	
0,4031	23,1925	
0,4031	23,1925	
0,4031	23,1925	
0,4031	23,1925	
0,4031	23,192	
0,4031	23,192	
0,4031	23,192	
0,4031	23,192	
0,4031	23,192	
0,403	23,1913	
0,403	23,1913	
0,403	23,1913	
0,403	23,1913	
0,4028	23,1904	
0,4028	23,1904	
0,4028	23,1904	
0,4027	23,1893	
0,4027	23,1893	
0,4025	23,1877	
0,4066	22,891	
0,4066	22,891	
0,4066	22,891	
0,4066	22,891	
0,4066	22,891	
0,4066	22,891	
0,4065	22,8906	
0,4065	22,8906	
0,4065	22,8906	
0,4065	22,8906	
0,4065	22,8906	
0,4064	22,8899	
0,4064	22,8899	
0,4064	22,8899	
0,4064	22,8899	
0,4063	22,8892	
0,4063	22,8892	
0,4063	22,8892	
0,4061	22,8881	
0,4061	22,8881	
0,4059	22,8866	
0,41	22,4318	
0,41	22,4318	
0,41	22,4318	
0,41	22,4318	
0,41	22,4318	
0,41	22,4318	
0,4099	22,4314	
0,4099	22,4314	
0,4099	22,4314	
0,4099	22,4314	
0,4099	22,4314	
0,4099	22,4309	
0,4099	22,4309	
0,4099	22,4309	
0,4099	22,4309	
0,4097	22,4302	
0,4097	22,4302	
0,4097	22,4302	
0,4096	22,4293	
0,4096	22,4293	
0,4094	22,428	
0,4134	21,777	
0,4134	21,777	
0,4134	21,777	
0,4134	21,777	
0,4134	21,777	
0,4134	21,777	
0,4133	21,7767	
0,4133	21,7767	
0,4133	21,7767	
0,4133	21,7767	
0,4133	21,7767	
0,4133	21,7763	
0,4133	21,7763	
0,4133	21,7763	
0,4133	21,7763	
0,4132	21,7757	
0,4132	21,7757	
0,4132	21,7757	
0,413	21,7749	
0,413	21,7749	
0,4129	21,7738	
0,4167	20,8979	
0,4167	20,8979	
0,4167	20,8979	
0,4167	20,8979	
0,4167	20,8979	
0,4167	20,8979	
0,4166	20,8977	
0,4166	20,8977	
0,4166	20,8977	
0,4166	20,8977	
0,4166	20,8977	
0,4166	20,8973	
0,4166	20,8973	
0,4166	20,8973	
0,4166	20,8973	
0,4165	20,8969	
0,4165	20,8969	
0,4165	20,8969	
0,4164	20,8962	
0,4164	20,8962	
0,4162	20,8953	
0,3755	23,2175	
0,3776	23,3493	
0,3776	23,3493	
0,3769	23,3475	
0,382	23,4379	
0,382	23,4379	
0,382	23,4379	
0,3818	23,4362	
0,3818	23,4362	
0,3815	23,4341	
0,3884	23,4816	
0,3884	23,4816	
0,3884	23,4816	
0,3884	23,4816	
0,3883	23,4803	
0,3883	23,4803	
0,3883	23,4803	
0,3881	23,4788	
0,3881	23,4788	
0,3878	23,4767	
0,3943	23,4768	
0,3943	23,4768	
0,3943	23,4768	
0,3943	23,4768	
0,3943	23,4768	
0,3942	23,4759	
0,3942	23,4759	
0,3942	23,4759	
0,3942	23,4759	
0,394	23,4748	
0,394	23,4748	
0,394	23,4748	
0,3938	23,4733	
0,3938	23,4733	
0,3935	23,4714	
0,3999	23,4114	
0,3999	23,4114	
0,3999	23,4114	
0,3999	23,4114	
0,3999	23,4114	
0,3999	23,4114	
0,3998	23,4107	
0,3998	23,4107	
0,3998	23,4107	
0,3998	23,4107	
0,3998	23,4107	
0,3997	23,4099	
0,3997	23,4099	
0,3997	23,4099	
0,3997	23,4099	
0,3996	23,4089	
0,3996	23,4089	
0,3996	23,4089	
0,3994	23,4074	
0,3994	23,4074	
0,3991	23,4056	
0,4056	23,265	
0,4056	23,265	
0,4056	23,265	
0,4056	23,265	
0,4056	23,265	
0,4056	23,265	
0,4055	23,2645	
0,4055	23,2645	
0,4055	23,2645	
0,4055	23,2645	
0,4055	23,2645	
0,4054	23,2638	
0,4054	23,2638	
0,4054	23,2638	
0,4054	23,2638	
0,4053	23,2627	
0,4053	23,2627	
0,4053	23,2627	
0,4051	23,2615	
0,4051	23,2615	
0,4048	23,2597	
0,4119	23,0104	
0,4119	23,0104	
0,4119	23,0104	
0,4119	23,0104	
0,4119	23,0104	
0,4119	23,0104	
0,4118	23,0099	
0,4118	23,0099	
0,4118	23,0099	
0,4118	23,0099	
0,4118	23,0099	
0,4117	23,0092	
0,4117	23,0092	
0,4117	23,0092	
0,4117	23,0092	
0,4116	23,0083	
0,4116	23,0083	
0,4116	23,0083	
0,4114	23,0071	
0,4114	23,0071	
0,4111	23,0055	
0,419	22,6118	
0,419	22,6118	
0,419	22,6118	
0,419	22,6118	
0,419	22,6118	
0,419	22,6118	
0,4189	22,6113	
0,4189	22,6113	
0,4189	22,6113	
0,4189	22,6113	
0,4189	22,6113	
0,4188	22,6107	
0,4188	22,6107	
0,4188	22,6107	
0,4188	22,6107	
0,4187	22,6099	
0,4187	22,6099	
0,4187	22,6099	
0,4185	22,6088	
0,4185	22,6088	
0,4183	22,6074	
0,4269	22,0303	
0,4269	22,0303	
0,4269	22,0303	
0,4269	22,0303	
0,4269	22,0303	
0,4269	22,0303	
0,4268	22,0299	
0,4268	22,0299	
0,4268	22,0299	
0,4268	22,0299	
0,4268	22,0299	
0,4267	22,0294	
0,4267	22,0294	
0,4267	22,0294	
0,4267	22,0294	
0,4266	22,0288	
0,4266	22,0288	
0,4266	22,0288	
0,4264	22,0278	
0,4264	22,0278	
0,4262	22,0266	
0,3653	23,1578	
0,3696	23,3039	
0,3696	23,3039	
0,3689	23,3018	
0,3768	23,4057	
0,3768	23,4057	
0,3768	23,4057	
0,3766	23,4039	
0,3766	23,4039	
0,3763	23,4016	
0,3845	23,4654	
0,3845	23,4654	
0,3845	23,4654	
0,3845	23,4654	
0,3844	23,464	
0,3844	23,464	
0,3844	23,464	
0,3841	23,4623	
0,3841	23,4623	
0,3838	23,4601	
0,3917	23,4793	
0,3917	23,4793	
0,3917	23,4793	
0,3917	23,4793	
0,3917	23,4793	
0,3916	23,4783	
0,3916	23,4783	
0,3916	23,4783	
0,3916	23,4783	
0,3914	23,4771	
0,3914	23,4771	
0,3914	23,4771	
0,3912	23,4755	
0,3912	23,4755	
0,3909	23,4733	
0,3987	23,4375	
0,3987	23,4375	
0,3987	23,4375	
0,3987	23,4375	
0,3987	23,4375	
0,3987	23,4375	
0,3986	23,4368	
0,3986	23,4368	
0,3986	23,4368	
0,3986	23,4368	
0,3986	23,4368	
0,3985	23,436	
0,3985	23,436	
0,3985	23,436	
0,3985	23,436	
0,3984	23,4348	
0,3984	23,4348	
0,3984	23,4348	
0,3981	23,4332	
0,3981	23,4332	
0,3978	23,4312	
0,4062	23,3226	
0,4062	23,3226	
0,4062	23,3226	
0,4062	23,3226	
0,4062	23,3226	
0,4062	23,3226	
0,4061	23,322	
0,4061	23,322	
0,4061	23,322	
0,4061	23,322	
0,4061	23,322	
0,406	23,3211	
0,406	23,3211	
0,406	23,3211	
0,406	23,3211	
0,4058	23,32	
0,4058	23,32	
0,4058	23,32	
0,4056	23,3186	
0,4056	23,3186	
0,4053	23,3167	
0,4147	23,11	
0,4147	23,11	
0,4147	23,11	
0,4147	23,11	
0,4147	23,11	
0,4147	23,11	
0,4146	23,1095	
0,4146	23,1095	
0,4146	23,1095	
0,4146	23,1095	
0,4146	23,1095	
0,4144	23,1087	
0,4144	23,1087	
0,4144	23,1087	
0,4144	23,1087	
0,4143	23,1077	
0,4143	23,1077	
0,4143	23,1077	
0,4141	23,1064	
0,4141	23,1064	
0,4138	23,1046	
0,4246	22,7665	
0,4246	22,7665	
0,4246	22,7665	
0,4246	22,7665	
0,4246	22,7665	
0,4246	22,7665	
0,4245	22,766	
0,4245	22,766	
0,4245	22,766	
0,4245	22,766	
0,4245	22,766	
0,4244	22,7654	
0,4244	22,7654	
0,4244	22,7654	
0,4244	22,7654	
0,4243	22,7645	
0,4243	22,7645	
0,4243	22,7645	
0,4241	22,7632	
0,4241	22,7632	
0,4238	22,7616	
0,3527	23,0863	
0,3602	23,2473	
0,3602	23,2473	
0,3599	23,2446	
0,3703	23,3638	
0,3703	23,3638	
0,3703	23,3638	
0,37	23,3617	
0,37	23,3617	
0,3697	23,3593	
0,3793	23,44	
0,3793	23,44	
0,3793	23,44	
0,3793	23,44	
0,3791	23,4385	
0,3791	23,4385	
0,3791	23,4385	
0,3789	23,4367	
0,3789	23,4367	
0,3785	23,4343	
0,3877	23,4728	
0,3877	23,4728	
0,3877	23,4728	
0,3877	23,4728	
0,3877	23,4728	
0,3876	23,4717	
0,3876	23,4717	
0,3876	23,4717	
0,3876	23,4717	
0,3874	23,4703	
0,3874	23,4703	
0,3874	23,4703	
0,3871	23,4685	
0,3871	23,4685	
0,3868	23,4662	
0,3961	23,4541	
0,3961	23,4541	
0,3961	23,4541	
0,3961	23,4541	
0,3961	23,4541	
0,3961	23,4541	
0,396	23,4533	
0,396	23,4533	
0,396	23,4533	
0,396	23,4533	
0,396	23,4533	
0,3958	23,4524	
0,3958	23,4524	
0,3958	23,4524	
0,3958	23,4524	
0,3956	23,4511	
0,3956	23,4511	
0,3956	23,4511	
0,3954	23,4493	
0,3954	23,4493	
0,395	23,4472	
0,405	23,3693	
0,405	23,3693	
0,405	23,3693	
0,405	23,3693	
0,405	23,3693	
0,405	23,3693	
0,4049	23,3686	
0,4049	23,3686	
0,4049	23,3686	
0,4049	23,3686	
0,4049	23,3686	
0,4047	23,3677	
0,4047	23,3677	
0,4047	23,3677	
0,4047	23,3677	
0,4045	23,3665	
0,4045	23,3665	
0,4045	23,3665	
0,4043	23,3649	
0,4043	23,3649	
0,4039	23,3627	
0,4152	23,1971	
0,4152	23,1971	
0,4152	23,1971	
0,4152	23,1971	
0,4152	23,1971	
0,4152	23,1971	
0,4151	23,1965	
0,4151	23,1965	
0,4151	23,1965	
0,4151	23,1965	
0,4151	23,1965	
0,415	23,1956	
0,415	23,1956	
0,415	23,1956	
0,415	23,1956	
0,4148	23,1945	
0,4148	23,1945	
0,4148	23,1945	
0,4145	23,193	
0,4145	23,193	
0,4142	23,191	
0,3374	23,0026	
0,3506	23,1776	
0,3506	23,1776	
0,3502	23,1747	
0,3623	23,3112	
0,3623	23,3112	
0,3623	23,3112	
0,3619	23,309	
0,3619	23,309	
0,3616	23,3063	
0,3727	23,4046	
0,3727	23,4046	
0,3727	23,4046	
0,3727	23,4046	
0,3724	23,403	
0,3724	23,403	
0,3724	23,403	
0,3721	23,4009	
0,3721	23,4009	
0,3718	23,3983	
0,3824	23,456	
0,3824	23,456	
0,3824	23,456	
0,3824	23,456	
0,3824	23,456	
0,3822	23,4548	
0,3822	23,4548	
0,3822	23,4548	
0,3822	23,4548	
0,3819	23,4534	
0,3819	23,4534	
0,3819	23,4534	
0,3816	23,4514	
0,3816	23,4514	
0,3813	23,4488	
0,3919	23,4595	
0,3919	23,4595	
0,3919	23,4595	
0,3919	23,4595	
0,3919	23,4595	
0,3919	23,4595	
0,3918	23,4587	
0,3918	23,4587	
0,3918	23,4587	
0,3918	23,4587	
0,3918	23,4587	
0,3916	23,4576	
0,3916	23,4576	
0,3916	23,4576	
0,3916	23,4576	
0,3914	23,4562	
0,3914	23,4562	
0,3914	23,4562	
0,3911	23,4543	
0,3911	23,4543	
0,3907	23,4518	
0,402	23,4029	
0,402	23,4029	
0,402	23,4029	
0,402	23,4029	
0,402	23,4029	
0,402	23,4029	
0,4019	23,4022	
0,4019	23,4022	
0,4019	23,4022	
0,4019	23,4022	
0,4019	23,4022	
0,4017	23,4012	
0,4017	23,4012	
0,4017	23,4012	
0,4017	23,4012	
0,4015	23,3998	
0,4015	23,3998	
0,4015	23,3998	
0,4012	23,398	
0,4012	23,398	
0,4008	23,3957	
0,3247	22,905	
0,3397	23,0988	
0,3397	23,0988	
0,3393	23,0956	
0,353	23,2499	
0,353	23,2499	
0,353	23,2499	
0,3526	23,2475	
0,3526	23,2475	
0,3522	23,2445	
0,3648	23,3604	
0,3648	23,3604	
0,3648	23,3604	
0,3648	23,3604	
0,3646	23,3585	
0,3646	23,3585	
0,3646	23,3585	
0,3642	23,3563	
0,3642	23,3563	
0,3638	23,3534	
0,3758	23,4296	
0,3758	23,4296	
0,3758	23,4296	
0,3758	23,4296	
0,3758	23,4296	
0,3756	23,4283	
0,3756	23,4283	
0,3756	23,4283	
0,3756	23,4283	
0,3753	23,4267	
0,3753	23,4267	
0,3753	23,4267	
0,375	23,4245	
0,375	23,4245	
0,3745	23,4216	
0,3864	23,4535	
0,3864	23,4535	
0,3864	23,4535	
0,3864	23,4535	
0,3864	23,4535	
0,3864	23,4535	
0,3863	23,4526	
0,3863	23,4526	
0,3863	23,4526	
0,3863	23,4526	
0,3863	23,4526	
0,3861	23,4514	
0,3861	23,4514	
0,3861	23,4514	
0,3861	23,4514	
0,3858	23,4498	
0,3858	23,4498	
0,3858	23,4498	
0,3855	23,4477	
0,3855	23,4477	
0,385	23,445	
0,3096	22,7905	
0,3267	23,0051	
0,3267	23,0051	
0,3262	23,0016	
0,3418	23,1752	
0,3418	23,1752	
0,3418	23,1752	
0,3414	23,1726	
0,3414	23,1726	
0,3409	23,1693	
0,3552	23,3038	
0,3552	23,3038	
0,3552	23,3038	
0,3552	23,3038	
0,3549	23,3018	
0,3549	23,3018	
0,3549	23,3018	
0,3546	23,2994	
0,3546	23,2994	
0,354	23,2961	
0,3676	23,3915	
0,3676	23,3915	
0,3676	23,3915	
0,3676	23,3915	
0,3676	23,3915	
0,3673	23,39	
0,3673	23,39	
0,3673	23,39	
0,3673	23,39	
0,367	23,3882	
0,367	23,3882	
0,367	23,3882	
0,3666	23,3858	
0,3666	23,3858	
0,3661	23,3826	
0,2923	22,6592	
0,3115	22,8962	
0,3115	22,8962	
0,3109	22,8923	
0,3286	23,0869	
0,3286	23,0869	
0,3286	23,0869	
0,3281	23,0839	
0,3281	23,0839	
0,3276	23,0803	
0,3438	23,2346	
0,3438	23,2346	
0,3438	23,2346	
0,3438	23,2346	
0,3435	23,2324	
0,3435	23,2324	
0,3435	23,2324	
0,343	23,2297	
0,343	23,2297	
0,3424	23,2261	
0,2725	22,5104	
0,294	22,7715	
0,294	22,7715	
0,2934	22,7672	
0,3132	22,9841	
0,3132	22,9841	
0,3132	22,9841	
0,3127	22,9808	
0,3127	22,9808	
0,3121	22,9769	
0,2489	22,3319	
0,2728	22,6204	
0,2728	22,6204	
0,2721	22,6157	
0,2239	22,1432	
0,3959	23,3033	
0,3962	23,4219	
0,3962	23,4219	
0,3956	23,4201	
0,3977	23,4976	
0,3977	23,4976	
0,3977	23,4976	
0,3975	23,496	
0,3975	23,496	
0,3973	23,4941	
0,4029	23,5247	
0,4029	23,5247	
0,4029	23,5247	
0,4029	23,5247	
0,4028	23,5235	
0,4028	23,5235	
0,4028	23,5235	
0,4026	23,5221	
0,4026	23,5221	
0,4024	23,5202	
0,4073	23,4994	
0,4073	23,4994	
0,4073	23,4994	
0,4073	23,4994	
0,4073	23,4994	
0,4072	23,4986	
0,4072	23,4986	
0,4072	23,4986	
0,4072	23,4986	
0,4071	23,4975	
0,4071	23,4975	
0,4071	23,4975	
0,4069	23,4962	
0,4069	23,4962	
0,4066	23,4944	
0,411	23,4068	
0,411	23,4068	
0,411	23,4068	
0,411	23,4068	
0,411	23,4068	
0,411	23,4068	
0,4109	23,4063	
0,4109	23,4063	
0,4109	23,4063	
0,4109	23,4063	
0,4109	23,4063	
0,4108	23,4055	
0,4108	23,4055	
0,4108	23,4055	
0,4108	23,4055	
0,4107	23,4046	
0,4107	23,4046	
0,4107	23,4046	
0,4105	23,4033	
0,4105	23,4033	
0,4103	23,4016	
0,4141	23,2239	
0,4141	23,2239	
0,4141	23,2239	
0,4141	23,2239	
0,4141	23,2239	
0,4141	23,2239	
0,414	23,2234	
0,414	23,2234	
0,414	23,2234	
0,414	23,2234	
0,414	23,2234	
0,4139	23,2227	
0,4139	23,2227	
0,4139	23,2227	
0,4139	23,2227	
0,4138	23,2218	
0,4138	23,2218	
0,4138	23,2218	
0,4136	23,2206	
0,4136	23,2206	
0,4134	23,219	
0,4168	22,9199	
0,4168	22,9199	
0,4168	22,9199	
0,4168	22,9199	
0,4168	22,9199	
0,4168	22,9199	
0,4167	22,9195	
0,4167	22,9195	
0,4167	22,9195	
0,4167	22,9195	
0,4167	22,9195	
0,4166	22,9188	
0,4166	22,9188	
0,4166	22,9188	
0,4166	22,9188	
0,4165	22,918	
0,4165	22,918	
0,4165	22,918	
0,4163	22,917	
0,4163	22,917	
0,4161	22,9155	
0,4192	22,4573	
0,4192	22,4573	
0,4192	22,4573	
0,4192	22,4573	
0,4192	22,4573	
0,4192	22,4573	
0,4191	22,4569	
0,4191	22,4569	
0,4191	22,4569	
0,4191	22,4569	
0,4191	22,4569	
0,419	22,4564	
0,419	22,4564	
0,419	22,4564	
0,419	22,4564	
0,4189	22,4557	
0,4189	22,4557	
0,4189	22,4557	
0,4188	22,4547	
0,4188	22,4547	
0,4185	22,4535	
0,4212	21,7982	
0,4212	21,7982	
0,4212	21,7982	
0,4212	21,7982	
0,4212	21,7982	
0,4212	21,7982	
0,4212	21,7979	
0,4212	21,7979	
0,4212	21,7979	
0,4212	21,7979	
0,4212	21,7979	
0,4211	21,7975	
0,4211	21,7975	
0,4211	21,7975	
0,4211	21,7975	
0,421	21,7969	
0,421	21,7969	
0,421	21,7969	
0,4209	21,7961	
0,4209	21,7961	
0,4207	21,795	
0,423	20,9144	
0,423	20,9144	
0,423	20,9144	
0,423	20,9144	
0,423	20,9144	
0,423	20,9144	
0,423	20,9141	
0,423	20,9141	
0,423	20,9141	
0,423	20,9141	
0,423	20,9141	
0,4229	20,9138	
0,4229	20,9138	
0,4229	20,9138	
0,4229	20,9138	
0,4228	20,9133	
0,4228	20,9133	
0,4228	20,9133	
0,4227	20,9127	
0,4227	20,9127	
0,4226	20,9117	
0,4245	19,7967	
0,4245	19,7967	
0,4245	19,7967	
0,4245	19,7967	
0,4245	19,7967	
0,4245	19,7967	
0,4244	19,7965	
0,4244	19,7965	
0,4244	19,7965	
0,4244	19,7965	
0,4244	19,7965	
0,4244	19,7962	
0,4244	19,7962	
0,4244	19,7962	
0,4244	19,7962	
0,4243	19,7959	
0,4243	19,7959	
0,4243	19,7959	
0,4242	19,7954	
0,4242	19,7954	
0,3872	23,2496	
0,3896	23,3823	
0,3896	23,3823	
0,389	23,3804	
0,3935	23,4723	
0,3935	23,4723	
0,3935	23,4723	
0,3933	23,4706	
0,3933	23,4706	
0,393	23,4685	
0,4001	23,5162	
0,4001	23,5162	
0,4001	23,5162	
0,4001	23,5162	
0,3999	23,5149	
0,3999	23,5149	
0,3999	23,5149	
0,3997	23,5134	
0,3997	23,5134	
0,3994	23,5113	
0,406	23,5113	
0,406	23,5113	
0,406	23,5113	
0,406	23,5113	
0,406	23,5113	
0,4059	23,5104	
0,4059	23,5104	
0,4059	23,5104	
0,4059	23,5104	
0,4057	23,5092	
0,4057	23,5092	
0,4057	23,5092	
0,4055	23,5077	
0,4055	23,5077	
0,4052	23,5058	
0,4115	23,4451	
0,4115	23,4451	
0,4115	23,4451	
0,4115	23,4451	
0,4115	23,4451	
0,4115	23,4451	
0,4114	23,4445	
0,4114	23,4445	
0,4114	23,4445	
0,4114	23,4445	
0,4114	23,4445	
0,4113	23,4437	
0,4113	23,4437	
0,4113	23,4437	
0,4113	23,4437	
0,4111	23,4426	
0,4111	23,4426	
0,4111	23,4426	
0,4109	23,4412	
0,4109	23,4412	
0,4107	23,4394	
0,4169	23,2975	
0,4169	23,2975	
0,4169	23,2975	
0,4169	23,2975	
0,4169	23,2975	
0,4169	23,2975	
0,4168	23,2969	
0,4168	23,2969	
0,4168	23,2969	
0,4168	23,2969	
0,4168	23,2969	
0,4167	23,2962	
0,4167	23,2962	
0,4167	23,2962	
0,4167	23,2962	
0,4165	23,2951	
0,4165	23,2951	
0,4165	23,2951	
0,4163	23,2938	
0,4163	23,2938	
0,4161	23,2921	
0,4225	23,0407	
0,4225	23,0407	
0,4225	23,0407	
0,4225	23,0407	
0,4225	23,0407	
0,4225	23,0407	
0,4224	23,0402	
0,4224	23,0402	
0,4224	23,0402	
0,4224	23,0402	
0,4224	23,0402	
0,4223	23,0395	
0,4223	23,0395	
0,4223	23,0395	
0,4223	23,0395	
0,4222	23,0386	
0,4222	23,0386	
0,4222	23,0386	
0,422	23,0374	
0,422	23,0374	
0,4217	23,0357	
0,4287	22,6389	
0,4287	22,6389	
0,4287	22,6389	
0,4287	22,6389	
0,4287	22,6389	
0,4287	22,6389	
0,4286	22,6384	
0,4286	22,6384	
0,4286	22,6384	
0,4286	22,6384	
0,4286	22,6384	
0,4285	22,6378	
0,4285	22,6378	
0,4285	22,6378	
0,4285	22,6378	
0,4284	22,637	
0,4284	22,637	
0,4284	22,637	
0,4282	22,6359	
0,4282	22,6359	
0,428	22,6345	
0,4354	22,0534	
0,4354	22,0534	
0,4354	22,0534	
0,4354	22,0534	
0,4354	22,0534	
0,4354	22,0534	
0,4353	22,053	
0,4353	22,053	
0,4353	22,053	
0,4353	22,053	
0,4353	22,053	
0,4352	22,0525	
0,4352	22,0525	
0,4352	22,0525	
0,4352	22,0525	
0,4351	22,0518	
0,4351	22,0518	
0,4351	22,0518	
0,4349	22,0509	
0,4349	22,0509	
0,4347	22,0497	
0,4423	21,2512	
0,4423	21,2512	
0,4423	21,2512	
0,4423	21,2512	
0,4423	21,2512	
0,4423	21,2512	
0,4423	21,251	
0,4423	21,251	
0,4423	21,251	
0,4423	21,251	
0,4423	21,251	
0,4422	21,2506	
0,4422	21,2506	
0,4422	21,2506	
0,4422	21,2506	
0,4421	21,25	
0,4421	21,25	
0,4421	21,25	
0,442	21,2493	
0,442	21,2493	
0,4418	21,2482	
0,3769	23,19	
0,3816	23,337	
0,3816	23,337	
0,3809	23,335	
0,3883	23,4405	
0,3883	23,4405	
0,3883	23,4405	
0,3881	23,4386	
0,3881	23,4386	
0,3878	23,4363	
0,3962	23,5004	
0,3962	23,5004	
0,3962	23,5004	
0,3962	23,5004	
0,396	23,4991	
0,396	23,4991	
0,396	23,4991	
0,3958	23,4974	
0,3958	23,4974	
0,3955	23,4951	
0,4035	23,5144	
0,4035	23,5144	
0,4035	23,5144	
0,4035	23,5144	
0,4035	23,5144	
0,4033	23,5134	
0,4033	23,5134	
0,4033	23,5134	
0,4033	23,5134	
0,4032	23,5121	
0,4032	23,5121	
0,4032	23,5121	
0,4029	23,5105	
0,4029	23,5105	
0,4026	23,5083	
0,4105	23,472	
0,4105	23,472	
0,4105	23,472	
0,4105	23,472	
0,4105	23,472	
0,4105	23,472	
0,4104	23,4713	
0,4104	23,4713	
0,4104	23,4713	
0,4104	23,4713	
0,4104	23,4713	
0,4102	23,4704	
0,4102	23,4704	
0,4102	23,4704	
0,4102	23,4704	
0,4101	23,4693	
0,4101	23,4693	
0,4101	23,4693	
0,4098	23,4677	
0,4098	23,4677	
0,4095	23,4657	
0,4177	23,3559	
0,4177	23,3559	
0,4177	23,3559	
0,4177	23,3559	
0,4177	23,3559	
0,4177	23,3559	
0,4176	23,3553	
0,4176	23,3553	
0,4176	23,3553	
0,4176	23,3553	
0,4176	23,3553	
0,4174	23,3545	
0,4174	23,3545	
0,4174	23,3545	
0,4174	23,3545	
0,4173	23,3533	
0,4173	23,3533	
0,4173	23,3533	
0,417	23,3519	
0,417	23,3519	
0,4167	23,35	
0,4256	23,1414	
0,4256	23,1414	
0,4256	23,1414	
0,4256	23,1414	
0,4256	23,1414	
0,4256	23,1414	
0,4255	23,1408	
0,4255	23,1408	
0,4255	23,1408	
0,4255	23,1408	
0,4255	23,1408	
0,4254	23,1401	
0,4254	23,1401	
0,4254	23,1401	
0,4254	23,1401	
0,4253	23,1391	
0,4253	23,1391	
0,4253	23,1391	
0,425	23,1377	
0,425	23,1377	
0,4247	23,1359	
0,4348	22,7949	
0,4348	22,7949	
0,4348	22,7949	
0,4348	22,7949	
0,4348	22,7949	
0,4348	22,7949	
0,4347	22,7945	
0,4347	22,7945	
0,4347	22,7945	
0,4347	22,7945	
0,4347	22,7945	
0,4346	22,7938	
0,4346	22,7938	
0,4346	22,7938	
0,4346	22,7938	
0,4345	22,7929	
0,4345	22,7929	
0,4345	22,7929	
0,4343	22,7916	
0,4343	22,7916	
0,434	22,79	
0,4454	22,2781	
0,4454	22,2781	
0,4454	22,2781	
0,4454	22,2781	
0,4454	22,2781	
0,4454	22,2781	
0,4453	22,2777	
0,4453	22,2777	
0,4453	22,2777	
0,4453	22,2777	
0,4453	22,2777	
0,4452	22,2771	
0,4452	22,2771	
0,4452	22,2771	
0,4452	22,2771	
0,445	22,2763	
0,445	22,2763	
0,445	22,2763	
0,4448	22,2753	
0,4448	22,2753	
0,4446	22,2739	
0,3642	23,1187	
0,3713	23,2815	
0,3713	23,2815	
0,3709	23,2789	
0,3817	23,3989	
0,3817	23,3989	
0,3817	23,3989	
0,3814	23,3969	
0,3814	23,3969	
0,3811	23,3944	
0,391	23,4756	
0,391	23,4756	
0,391	23,4756	
0,391	23,4756	
0,3908	23,4741	
0,3908	23,4741	
0,3908	23,4741	
0,3905	23,4723	
0,3905	23,4723	
0,3902	23,4698	
0,3996	23,5085	
0,3996	23,5085	
0,3996	23,5085	
0,3996	23,5085	
0,3996	23,5085	
0,3994	23,5074	
0,3994	23,5074	
0,3994	23,5074	
0,3994	23,5074	
0,3992	23,506	
0,3992	23,506	
0,3992	23,506	
0,3989	23,5042	
0,3989	23,5042	
0,3986	23,5019	
0,4079	23,4894	
0,4079	23,4894	
0,4079	23,4894	
0,4079	23,4894	
0,4079	23,4894	
0,4079	23,4894	
0,4078	23,4887	
0,4078	23,4887	
0,4078	23,4887	
0,4078	23,4887	
0,4078	23,4887	
0,4077	23,4877	
0,4077	23,4877	
0,4077	23,4877	
0,4077	23,4877	
0,4075	23,4864	
0,4075	23,4864	
0,4075	23,4864	
0,4072	23,4846	
0,4072	23,4846	
0,4069	23,4825	
0,4167	23,4036	
0,4167	23,4036	
0,4167	23,4036	
0,4167	23,4036	
0,4167	23,4036	
0,4167	23,4036	
0,4166	23,403	
0,4166	23,403	
0,4166	23,403	
0,4166	23,403	
0,4166	23,403	
0,4164	23,4021	
0,4164	23,4021	
0,4164	23,4021	
0,4164	23,4021	
0,4162	23,4008	
0,4162	23,4008	
0,4162	23,4008	
0,416	23,3992	
0,416	23,3992	
0,4156	23,3971	
0,4266	23,2298	
0,4266	23,2298	
0,4266	23,2298	
0,4266	23,2298	
0,4266	23,2298	
0,4266	23,2298	
0,4265	23,2291	
0,4265	23,2291	
0,4265	23,2291	
0,4265	23,2291	
0,4265	23,2291	
0,4263	23,2283	
0,4263	23,2283	
0,4263	23,2283	
0,4263	23,2283	
0,4261	23,2272	
0,4261	23,2272	
0,4261	23,2272	
0,4259	23,2256	
0,4259	23,2256	
0,4255	23,2236	
0,4382	22,9371	
0,4382	22,9371	
0,4382	22,9371	
0,4382	22,9371	
0,4382	22,9371	
0,4382	22,9371	
0,4381	22,9365	
0,4381	22,9365	
0,4381	22,9365	
0,4381	22,9365	
0,4381	22,9365	
0,438	22,9358	
0,438	22,9358	
0,438	22,9358	
0,438	22,9358	
0,4378	22,9347	
0,4378	22,9347	
0,4378	22,9347	
0,4376	22,9333	
0,4376	22,9333	
0,4372	22,9315	
0,3486	23,0349	
0,3614	23,2121	
0,3614	23,2121	
0,361	23,2091	
0,3735	23,3467	
0,3735	23,3467	
0,3735	23,3467	
0,3732	23,3444	
0,3732	23,3444	
0,3728	23,3417	
0,3843	23,4407	
0,3843	23,4407	
0,3843	23,4407	
0,3843	23,4407	
0,384	23,4391	
0,384	23,4391	
0,384	23,4391	
0,3837	23,437	
0,3837	23,437	
0,3833	23,4343	
0,3942	23,4925	
0,3942	23,4925	
0,3942	23,4925	
0,3942	23,4925	
0,3942	23,4925	
0,394	23,4912	
0,394	23,4912	
0,394	23,4912	
0,394	23,4912	
0,3938	23,4897	
0,3938	23,4897	
0,3938	23,4897	
0,3935	23,4878	
0,3935	23,4878	
0,3931	23,4851	
0,4039	23,4958	
0,4039	23,4958	
0,4039	23,4958	
0,4039	23,4958	
0,4039	23,4958	
0,4039	23,4958	
0,4037	23,495	
0,4037	23,495	
0,4037	23,495	
0,4037	23,495	
0,4037	23,495	
0,4036	23,4939	
0,4036	23,4939	
0,4036	23,4939	
0,4036	23,4939	
0,4033	23,4925	
0,4033	23,4925	
0,4033	23,4925	
0,403	23,4905	
0,403	23,4905	
0,4026	23,4881	
0,4139	23,4386	
0,4139	23,4386	
0,4139	23,4386	
0,4139	23,4386	
0,4139	23,4386	
0,4139	23,4386	
0,4138	23,4379	
0,4138	23,4379	
0,4138	23,4379	
0,4138	23,4379	
0,4138	23,4379	
0,4136	23,4368	
0,4136	23,4368	
0,4136	23,4368	
0,4136	23,4368	
0,4134	23,4354	
0,4134	23,4354	
0,4134	23,4354	
0,4131	23,4337	
0,4131	23,4337	
0,4126	23,4313	
0,4253	23,3026	
0,4253	23,3026	
0,4253	23,3026	
0,4253	23,3026	
0,4253	23,3026	
0,4253	23,3026	
0,4251	23,3019	
0,4251	23,3019	
0,4251	23,3019	
0,4251	23,3019	
0,4251	23,3019	
0,425	23,301	
0,425	23,301	
0,425	23,301	
0,425	23,301	
0,4247	23,2997	
0,4247	23,2997	
0,4247	23,2997	
0,4244	23,298	
0,4244	23,298	
0,424	23,2957	
0,3347	22,938	
0,3503	23,1333	
0,3503	23,1333	
0,3499	23,13	
0,3641	23,2855	
0,3641	23,2855	
0,3641	23,2855	
0,3637	23,2831	
0,3637	23,2831	
0,3633	23,2801	
0,3764	23,3969	
0,3764	23,3969	
0,3764	23,3969	
0,3764	23,3969	
0,3761	23,395	
0,3761	23,395	
0,3761	23,395	
0,3758	23,3928	
0,3758	23,3928	
0,3753	23,3898	
0,3876	23,4667	
0,3876	23,4667	
0,3876	23,4667	
0,3876	23,4667	
0,3876	23,4667	
0,3874	23,4654	
0,3874	23,4654	
0,3874	23,4654	
0,3874	23,4654	
0,3872	23,4637	
0,3872	23,4637	
0,3872	23,4637	
0,3868	23,4615	
0,3868	23,4615	
0,3863	23,4586	
0,3985	23,4908	
0,3985	23,4908	
0,3985	23,4908	
0,3985	23,4908	
0,3985	23,4908	
0,3985	23,4908	
0,3983	23,4898	
0,3983	23,4898	
0,3983	23,4898	
0,3983	23,4898	
0,3983	23,4898	
0,3981	23,4886	
0,3981	23,4886	
0,3981	23,4886	
0,3981	23,4886	
0,3978	23,487	
0,3978	23,487	
0,3978	23,487	
0,3975	23,4849	
0,3975	23,4849	
0,397	23,4822	
0,4096	23,4591	
0,4096	23,4591	
0,4096	23,4591	
0,4096	23,4591	
0,4096	23,4591	
0,4096	23,4591	
0,4094	23,4583	
0,4094	23,4583	
0,4094	23,4583	
0,4094	23,4583	
0,4094	23,4583	
0,4092	23,4571	
0,4092	23,4571	
0,4092	23,4571	
0,4092	23,4571	
0,4089	23,4556	
0,4089	23,4556	
0,4089	23,4556	
0,4086	23,4536	
0,4086	23,4536	
0,4081	23,4509	
0,3193	22,8234	
0,3371	23,0396	
0,3371	23,0396	
0,3366	23,0361	
0,3527	23,2112	
0,3527	23,2112	
0,3527	23,2112	
0,3523	23,2085	
0,3523	23,2085	
0,3518	23,2052	
0,3667	23,3409	
0,3667	23,3409	
0,3667	23,3409	
0,3667	23,3409	
0,3664	23,3389	
0,3664	23,3389	
0,3664	23,3389	
0,366	23,3364	
0,366	23,3364	
0,3655	23,3332	
0,3794	23,4294	
0,3794	23,4294	
0,3794	23,4294	
0,3794	23,4294	
0,3794	23,4294	
0,3791	23,4279	
0,3791	23,4279	
0,3791	23,4279	
0,3791	23,4279	
0,3788	23,4261	
0,3788	23,4261	
0,3788	23,4261	
0,3784	23,4236	
0,3784	23,4236	
0,3779	23,4204	
0,3914	23,4738	
0,3914	23,4738	
0,3914	23,4738	
0,3914	23,4738	
0,3914	23,4738	
0,3914	23,4738	
0,3913	23,4728	
0,3913	23,4728	
0,3913	23,4728	
0,3913	23,4728	
0,3913	23,4728	
0,391	23,4714	
0,391	23,4714	
0,391	23,4714	
0,391	23,4714	
0,3907	23,4696	
0,3907	23,4696	
0,3907	23,4696	
0,3903	23,4673	
0,3903	23,4673	
0,3898	23,4643	
0,3017	22,6918	
0,3216	22,9308	
0,3216	22,9308	
0,321	22,9269	
0,3394	23,1232	
0,3394	23,1232	
0,3394	23,1232	
0,3389	23,1202	
0,3389	23,1202	
0,3383	23,1166	
0,3552	23,2723	
0,3552	23,2723	
0,3552	23,2723	
0,3552	23,2723	
0,3548	23,2701	
0,3548	23,2701	
0,3548	23,2701	
0,3544	23,2674	
0,3544	23,2674	
0,3538	23,2637	
0,3694	23,3798	
0,3694	23,3798	
0,3694	23,3798	
0,3694	23,3798	
0,3694	23,3798	
0,3691	23,3781	
0,3691	23,3781	
0,3691	23,3781	
0,3691	23,3781	
0,3688	23,3761	
0,3688	23,3761	
0,3688	23,3761	
0,3683	23,3734	
0,3683	23,3734	
0,3677	23,3698	
0,2817	22,5437	
0,304	22,807	
0,304	22,807	
0,3033	22,8027	
0,3239	23,0214	
0,3239	23,0214	
0,3239	23,0214	
0,3234	23,0182	
0,3234	23,0182	
0,3228	23,0142	
0,3417	23,191	
0,3417	23,191	
0,3417	23,191	
0,3417	23,191	
0,3413	23,1885	
0,3413	23,1885	
0,3413	23,1885	
0,3408	23,1855	
0,3408	23,1855	
0,3401	23,1815	
0,2583	22,3697	
0,2831	22,66	
0,2831	22,66	
0,2823	22,6553	
0,3054	22,8991	
0,3054	22,8991	
0,3054	22,8991	
0,3048	22,8955	
0,3048	22,8955	
0,3041	22,8911	
0,2326	22,1786	
0,2598	22,497	
0,2598	22,497	
0,2591	22,4919	
0,4004	23,23	
0,4033	23,362	
0,4033	23,362	
0,4026	23,3601	
0,4055	23,4534	
0,4055	23,4534	
0,4055	23,4534	
0,405	23,4519	
0,405	23,4519	
0,4048	23,4498	
0,412	23,4972	
0,412	23,4972	
0,412	23,4972	
0,412	23,4972	
0,4118	23,496	
0,4118	23,496	
0,4118	23,496	
0,4116	23,4944	
0,4116	23,4944	
0,4113	23,4924	
0,4178	23,4922	
0,4178	23,4922	
0,4178	23,4922	
0,4178	23,4922	
0,4178	23,4922	
0,4177	23,4913	
0,4177	23,4913	
0,4177	23,4913	
0,4177	23,4913	
0,4176	23,4902	
0,4176	23,4902	
0,4176	23,4902	
0,4173	23,4887	
0,4173	23,4887	
0,4171	23,4868	
0,4231	23,4262	
0,4231	23,4262	
0,4231	23,4262	
0,4231	23,4262	
0,4231	23,4262	
0,4231	23,4262	
0,423	23,4256	
0,423	23,4256	
0,423	23,4256	
0,423	23,4256	
0,423	23,4256	
0,4229	23,4248	
0,4229	23,4248	
0,4229	23,4248	
0,4229	23,4248	
0,4228	23,4237	
0,4228	23,4237	
0,4228	23,4237	
0,4226	23,4223	
0,4226	23,4223	
0,4223	23,4205	
0,4281	23,279	
0,4281	23,279	
0,4281	23,279	
0,4281	23,279	
0,4281	23,279	
0,4281	23,279	
0,428	23,2785	
0,428	23,2785	
0,428	23,2785	
0,428	23,2785	
0,428	23,2785	
0,4279	23,2777	
0,4279	23,2777	
0,4279	23,2777	
0,4279	23,2777	
0,4278	23,2767	
0,4278	23,2767	
0,4278	23,2767	
0,4276	23,2754	
0,4276	23,2754	
0,4273	23,2737	
0,4331	23,023	
0,4331	23,023	
0,4331	23,023	
0,4331	23,023	
0,4331	23,023	
0,4331	23,023	
0,433	23,0225	
0,433	23,0225	
0,433	23,0225	
0,433	23,0225	
0,433	23,0225	
0,4329	23,0218	
0,4329	23,0218	
0,4329	23,0218	
0,4329	23,0218	
0,4328	23,0209	
0,4328	23,0209	
0,4328	23,0209	
0,4326	23,0197	
0,4326	23,0197	
0,4323	23,0181	
0,4383	22,6224	
0,4383	22,6224	
0,4383	22,6224	
0,4383	22,6224	
0,4383	22,6224	
0,4383	22,6224	
0,4382	22,622	
0,4382	22,622	
0,4382	22,622	
0,4382	22,622	
0,4382	22,622	
0,4381	22,6214	
0,4381	22,6214	
0,4381	22,6214	
0,4381	22,6214	
0,438	22,6206	
0,438	22,6206	
0,438	22,6206	
0,4378	22,6195	
0,4378	22,6195	
0,4376	22,6181	
0,4437	22,0385	
0,4437	22,0385	
0,4437	22,0385	
0,4437	22,0385	
0,4437	22,0385	
0,4437	22,0385	
0,4437	22,0381	
0,4437	22,0381	
0,4437	22,0381	
0,4437	22,0381	
0,4437	22,0381	
0,4436	22,0376	
0,4436	22,0376	
0,4436	22,0376	
0,4436	22,0376	
0,4435	22,037	
0,4435	22,037	
0,4435	22,037	
0,4433	22,036	
0,4433	22,036	
0,4431	22,0348	
0,4492	21,2382	
0,4492	21,2382	
0,4492	21,2382	
0,4492	21,2382	
0,4492	21,2382	
0,4492	21,2382	
0,4492	21,2379	
0,4492	21,2379	
0,4492	21,2379	
0,4492	21,2379	
0,4492	21,2379	
0,4491	21,2375	
0,4491	21,2375	
0,4491	21,2375	
0,4491	21,2375	
0,449	21,237	
0,449	21,237	
0,449	21,237	
0,4489	21,2363	
0,4489	21,2363	
0,4487	21,2352	
0,4545	20,2047	
0,4545	20,2047	
0,4545	20,2047	
0,4545	20,2047	
0,4545	20,2047	
0,4545	20,2047	
0,4544	20,2045	
0,4544	20,2045	
0,4544	20,2045	
0,4544	20,2045	
0,4544	20,2045	
0,4544	20,2042	
0,4544	20,2042	
0,4544	20,2042	
0,4544	20,2042	
0,4543	20,2038	
0,4543	20,2038	
0,4543	20,2038	
0,4542	20,2032	
0,4542	20,2032	
0,3902	23,1711	
0,3953	23,3173	
0,3953	23,3173	
0,3945	23,3153	
0,4001	23,4224	
0,4001	23,4224	
0,4001	23,4224	
0,3998	23,4205	
0,3998	23,4205	
0,3995	23,4183	
0,4081	23,482	
0,4081	23,482	
0,4081	23,482	
0,4081	23,482	
0,408	23,4806	
0,408	23,4806	
0,408	23,4806	
0,4077	23,4789	
0,4077	23,4789	
0,4074	23,4767	
0,4154	23,4957	
0,4154	23,4957	
0,4154	23,4957	
0,4154	23,4957	
0,4154	23,4957	
0,4153	23,4947	
0,4153	23,4947	
0,4153	23,4947	
0,4153	23,4947	
0,4151	23,4935	
0,4151	23,4935	
0,4151	23,4935	
0,4149	23,4919	
0,4149	23,4919	
0,4145	23,4897	
0,4223	23,4534	
0,4223	23,4534	
0,4223	23,4534	
0,4223	23,4534	
0,4223	23,4534	
0,4223	23,4534	
0,4222	23,4527	
0,4222	23,4527	
0,4222	23,4527	
0,4222	23,4527	
0,4222	23,4527	
0,422	23,4518	
0,422	23,4518	
0,422	23,4518	
0,422	23,4518	
0,4219	23,4507	
0,4219	23,4507	
0,4219	23,4507	
0,4216	23,4491	
0,4216	23,4491	
0,4213	23,4471	
0,4291	23,3376	
0,4291	23,3376	
0,4291	23,3376	
0,4291	23,3376	
0,4291	23,3376	
0,4291	23,3376	
0,429	23,337	
0,429	23,337	
0,429	23,337	
0,429	23,337	
0,429	23,337	
0,4289	23,3361	
0,4289	23,3361	
0,4289	23,3361	
0,4289	23,3361	
0,4287	23,335	
0,4287	23,335	
0,4287	23,335	
0,4285	23,3336	
0,4285	23,3336	
0,4282	23,3317	
0,4365	23,1236	
0,4365	23,1236	
0,4365	23,1236	
0,4365	23,1236	
0,4365	23,1236	
0,4365	23,1236	
0,4364	23,1231	
0,4364	23,1231	
0,4364	23,1231	
0,4364	23,1231	
0,4364	23,1231	
0,4363	23,1223	
0,4363	23,1223	
0,4363	23,1223	
0,4363	23,1223	
0,4361	23,1213	
0,4361	23,1213	
0,4361	23,1213	
0,4359	23,12	
0,4359	23,12	
0,4356	23,1182	
0,4448	22,7781	
0,4448	22,7781	
0,4448	22,7781	
0,4448	22,7781	
0,4448	22,7781	
0,4448	22,7781	
0,4448	22,7776	
0,4448	22,7776	
0,4448	22,7776	
0,4448	22,7776	
0,4448	22,7776	
0,4446	22,777	
0,4446	22,777	
0,4446	22,777	
0,4446	22,777	
0,4445	22,7761	
0,4445	22,7761	
0,4445	22,7761	
0,4443	22,7748	
0,4443	22,7748	
0,444	22,7732	
0,4542	22,2626	
0,4542	22,2626	
0,4542	22,2626	
0,4542	22,2626	
0,4542	22,2626	
0,4542	22,2626	
0,4541	22,2622	
0,4541	22,2622	
0,4541	22,2622	
0,4541	22,2622	
0,4541	22,2622	
0,454	22,2616	
0,454	22,2616	
0,454	22,2616	
0,454	22,2616	
0,4539	22,2608	
0,4539	22,2608	
0,4539	22,2608	
0,4537	22,2598	
0,4537	22,2598	
0,4534	22,2584	
0,4644	21,5408	
0,4644	21,5408	
0,4644	21,5408	
0,4644	21,5408	
0,4644	21,5408	
0,4644	21,5408	
0,4643	21,5404	
0,4643	21,5404	
0,4643	21,5404	
0,4643	21,5404	
0,4643	21,5404	
0,4643	21,54	
0,4643	21,54	
0,4643	21,54	
0,4643	21,54	
0,4641	21,5393	
0,4641	21,5393	
0,4641	21,5393	
0,464	21,5385	
0,464	21,5385	
0,4637	21,5372	
0,3774	23,1006	
0,385	23,2626	
0,385	23,2626	
0,3841	23,2604	
0,3935	23,3816	
0,3935	23,3816	
0,3935	23,3816	
0,3932	23,3795	
0,3932	23,3795	
0,3928	23,3771	
0,403	23,4578	
0,403	23,4578	
0,403	23,4578	
0,403	23,4578	
0,4027	23,4563	
0,4027	23,4563	
0,4027	23,4563	
0,4025	23,4545	
0,4025	23,4545	
0,4021	23,4521	
0,4116	23,4904	
0,4116	23,4904	
0,4116	23,4904	
0,4116	23,4904	
0,4116	23,4904	
0,4114	23,4893	
0,4114	23,4893	
0,4114	23,4893	
0,4114	23,4893	
0,4112	23,488	
0,4112	23,488	
0,4112	23,488	
0,411	23,4862	
0,411	23,4862	
0,4106	23,4838	
0,4199	23,4713	
0,4199	23,4713	
0,4199	23,4713	
0,4199	23,4713	
0,4199	23,4713	
0,4199	23,4713	
0,4198	23,4705	
0,4198	23,4705	
0,4198	23,4705	
0,4198	23,4705	
0,4198	23,4705	
0,4196	23,4696	
0,4196	23,4696	
0,4196	23,4696	
0,4196	23,4696	
0,4194	23,4683	
0,4194	23,4683	
0,4194	23,4683	
0,4191	23,4665	
0,4191	23,4665	
0,4188	23,4643	
0,4284	23,3856	
0,4284	23,3856	
0,4284	23,3856	
0,4284	23,3856	
0,4284	23,3856	
0,4284	23,3856	
0,4283	23,385	
0,4283	23,385	
0,4283	23,385	
0,4283	23,385	
0,4283	23,385	
0,4281	23,384	
0,4281	23,384	
0,4281	23,384	
0,4281	23,384	
0,4279	23,3828	
0,4279	23,3828	
0,4279	23,3828	
0,4276	23,3812	
0,4276	23,3812	
0,4273	23,3791	
0,4378	23,2121	
0,4378	23,2121	
0,4378	23,2121	
0,4378	23,2121	
0,4378	23,2121	
0,4378	23,2121	
0,4377	23,2115	
0,4377	23,2115	
0,4377	23,2115	
0,4377	23,2115	
0,4377	23,2115	
0,4375	23,2107	
0,4375	23,2107	
0,4375	23,2107	
0,4375	23,2107	
0,4373	23,2095	
0,4373	23,2095	
0,4373	23,2095	
0,437	23,208	
0,437	23,208	
0,4367	23,206	
0,4487	22,9202	
0,4487	22,9202	
0,4487	22,9202	
0,4487	22,9202	
0,4487	22,9202	
0,4487	22,9202	
0,4486	22,9196	
0,4486	22,9196	
0,4486	22,9196	
0,4486	22,9196	
0,4486	22,9196	
0,4484	22,9189	
0,4484	22,9189	
0,4484	22,9189	
0,4484	22,9189	
0,4482	22,9178	
0,4482	22,9178	
0,4482	22,9178	
0,448	22,9165	
0,448	22,9165	
0,4476	22,9146	
0,4614	22,4725	
0,4614	22,4725	
0,4614	22,4725	
0,4614	22,4725	
0,4614	22,4725	
0,4614	22,4725	
0,4614	22,472	
0,4614	22,472	
0,4614	22,472	
0,4614	22,472	
0,4614	22,472	
0,4612	22,4714	
0,4612	22,4714	
0,4612	22,4714	
0,4612	22,4714	
0,4611	22,4705	
0,4611	22,4705	
0,4611	22,4705	
0,4608	22,4693	
0,4608	22,4693	
0,4605	22,4677	
0,3617	23,0175	
0,3728	23,1961	
0,3728	23,1961	
0,3724	23,1931	
0,3853	23,3301	
0,3853	23,3301	
0,3853	23,3301	
0,3849	23,3278	
0,3849	23,3278	
0,3845	23,3251	
0,3963	23,4237	
0,3963	23,4237	
0,3963	23,4237	
0,3963	23,4237	
0,396	23,422	
0,396	23,422	
0,396	23,422	
0,3957	23,42	
0,3957	23,42	
0,3953	23,4173	
0,4063	23,4751	
0,4063	23,4751	
0,4063	23,4751	
0,4063	23,4751	
0,4063	23,4751	
0,4061	23,4739	
0,4061	23,4739	
0,4061	23,4739	
0,4061	23,4739	
0,4059	23,4724	
0,4059	23,4724	
0,4059	23,4724	
0,4056	23,4704	
0,4056	23,4704	
0,4051	23,4678	
0,4159	23,4784	
0,4159	23,4784	
0,4159	23,4784	
0,4159	23,4784	
0,4159	23,4784	
0,4159	23,4784	
0,4158	23,4775	
0,4158	23,4775	
0,4158	23,4775	
0,4158	23,4775	
0,4158	23,4775	
0,4156	23,4764	
0,4156	23,4764	
0,4156	23,4764	
0,4156	23,4764	
0,4154	23,475	
0,4154	23,475	
0,4154	23,475	
0,4151	23,4731	
0,4151	23,4731	
0,4147	23,4707	
0,4258	23,4212	
0,4258	23,4212	
0,4258	23,4212	
0,4258	23,4212	
0,4258	23,4212	
0,4258	23,4212	
0,4257	23,4205	
0,4257	23,4205	
0,4257	23,4205	
0,4257	23,4205	
0,4257	23,4205	
0,4255	23,4194	
0,4255	23,4194	
0,4255	23,4194	
0,4255	23,4194	
0,4252	23,4181	
0,4252	23,4181	
0,4252	23,4181	
0,4249	23,4163	
0,4249	23,4163	
0,4245	23,4139	
0,4368	23,2856	
0,4368	23,2856	
0,4368	23,2856	
0,4368	23,2856	
0,4368	23,2856	
0,4368	23,2856	
0,4366	23,2849	
0,4366	23,2849	
0,4366	23,2849	
0,4366	23,2849	
0,4366	23,2849	
0,4365	23,2839	
0,4365	23,2839	
0,4365	23,2839	
0,4365	23,2839	
0,4362	23,2827	
0,4362	23,2827	
0,4362	23,2827	
0,4359	23,281	
0,4359	23,281	
0,4355	23,2787	
0,4497	23,044	
0,4497	23,044	
0,4497	23,044	
0,4497	23,044	
0,4497	23,044	
0,4497	23,044	
0,4496	23,0434	
0,4496	23,0434	
0,4496	23,0434	
0,4496	23,0434	
0,4496	23,0434	
0,4494	23,0426	
0,4494	23,0426	
0,4494	23,0426	
0,4494	23,0426	
0,4492	23,0414	
0,4492	23,0414	
0,4492	23,0414	
0,4489	23,0398	
0,4489	23,0398	
0,4485	23,0378	
0,3455	22,9234	
0,3616	23,118	
0,3616	23,118	
0,3611	23,1147	
0,3758	23,2697	
0,3758	23,2697	
0,3758	23,2697	
0,3754	23,2672	
0,3754	23,2672	
0,375	23,2642	
0,3883	23,3806	
0,3883	23,3806	
0,3883	23,3806	
0,3883	23,3806	
0,3881	23,3788	
0,3881	23,3788	
0,3881	23,3788	
0,3877	23,3765	
0,3877	23,3765	
0,3872	23,3736	
0,3998	23,4501	
0,3998	23,4501	
0,3998	23,4501	
0,3998	23,4501	
0,3998	23,4501	
0,3995	23,4488	
0,3995	23,4488	
0,3995	23,4488	
0,3995	23,4488	
0,3993	23,4472	
0,3993	23,4472	
0,3993	23,4472	
0,3989	23,445	
0,3989	23,445	
0,3984	23,4421	
0,4106	23,4741	
0,4106	23,4741	
0,4106	23,4741	
0,4106	23,4741	
0,4106	23,4741	
0,4106	23,4741	
0,4105	23,4732	
0,4105	23,4732	
0,4105	23,4732	
0,4105	23,4732	
0,4105	23,4732	
0,4103	23,472	
0,4103	23,472	
0,4103	23,472	
0,4103	23,472	
0,41	23,4704	
0,41	23,4704	
0,41	23,4704	
0,4097	23,4682	
0,4097	23,4682	
0,4092	23,4656	
0,4216	23,4425	
0,4216	23,4425	
0,4216	23,4425	
0,4216	23,4425	
0,4216	23,4425	
0,4216	23,4425	
0,4215	23,4417	
0,4215	23,4417	
0,4215	23,4417	
0,4215	23,4417	
0,4215	23,4417	
0,4213	23,4405	
0,4213	23,4405	
0,4213	23,4405	
0,4213	23,4405	
0,421	23,439	
0,421	23,439	
0,421	23,439	
0,4207	23,437	
0,4207	23,437	
0,4202	23,4344	
0,4338	23,3403	
0,4338	23,3403	
0,4338	23,3403	
0,4338	23,3403	
0,4338	23,3403	
0,4338	23,3403	
0,4337	23,3395	
0,4337	23,3395	
0,4337	23,3395	
0,4337	23,3395	
0,4337	23,3395	
0,4335	23,3384	
0,4335	23,3384	
0,4335	23,3384	
0,4335	23,3384	
0,4332	23,337	
0,4332	23,337	
0,4332	23,337	
0,4328	23,3351	
0,4328	23,3351	
0,4323	23,3326	
0,33	22,8098	
0,3482	23,0254	
0,3482	23,0254	
0,3477	23,0218	
0,3644	23,1964	
0,3644	23,1964	
0,3644	23,1964	
0,3639	23,1937	
0,3639	23,1937	
0,3634	23,1904	
0,3787	23,3257	
0,3787	23,3257	
0,3787	23,3257	
0,3787	23,3257	
0,3783	23,3237	
0,3783	23,3237	
0,3783	23,3237	
0,3779	23,3212	
0,3779	23,3212	
0,3774	23,3179	
0,3916	23,4138	
0,3916	23,4138	
0,3916	23,4138	
0,3916	23,4138	
0,3916	23,4138	
0,3913	23,4123	
0,3913	23,4123	
0,3913	23,4123	
0,3913	23,4123	
0,391	23,4105	
0,391	23,4105	
0,391	23,4105	
0,3906	23,4081	
0,3906	23,4081	
0,3901	23,4049	
0,4037	23,4581	
0,4037	23,4581	
0,4037	23,4581	
0,4037	23,4581	
0,4037	23,4581	
0,4037	23,4581	
0,4036	23,4571	
0,4036	23,4571	
0,4036	23,4571	
0,4036	23,4571	
0,4036	23,4571	
0,4033	23,4558	
0,4033	23,4558	
0,4033	23,4558	
0,4033	23,4558	
0,403	23,454	
0,403	23,454	
0,403	23,454	
0,4026	23,4516	
0,4026	23,4516	
0,4021	23,4486	
0,4158	23,4507	
0,4158	23,4507	
0,4158	23,4507	
0,4158	23,4507	
0,4158	23,4507	
0,4158	23,4507	
0,4156	23,4498	
0,4156	23,4498	
0,4156	23,4498	
0,4156	23,4498	
0,4156	23,4498	
0,4154	23,4485	
0,4154	23,4485	
0,4154	23,4485	
0,4154	23,4485	
0,4151	23,4468	
0,4151	23,4468	
0,4151	23,4468	
0,4147	23,4446	
0,4147	23,4446	
0,4141	23,4416	
0,3121	22,6791	
0,3327	22,9176	
0,3327	22,9176	
0,3321	22,9137	
0,3509	23,1095	
0,3509	23,1095	
0,3509	23,1095	
0,3504	23,1065	
0,3504	23,1065	
0,3499	23,1029	
0,3671	23,2582	
0,3671	23,2582	
0,3671	23,2582	
0,3671	23,2582	
0,3667	23,256	
0,3667	23,256	
0,3667	23,256	
0,3663	23,2533	
0,3663	23,2533	
0,3657	23,2497	
0,3817	23,3654	
0,3817	23,3654	
0,3817	23,3654	
0,3817	23,3654	
0,3817	23,3654	
0,3814	23,3638	
0,3814	23,3638	
0,3814	23,3638	
0,3814	23,3638	
0,381	23,3618	
0,381	23,3618	
0,381	23,3618	
0,3806	23,3591	
0,3806	23,3591	
0,3799	23,3555	
0,3952	23,4297	
0,3952	23,4297	
0,3952	23,4297	
0,3952	23,4297	
0,3952	23,4297	
0,3952	23,4297	
0,395	23,4286	
0,395	23,4286	
0,395	23,4286	
0,395	23,4286	
0,395	23,4286	
0,3947	23,4271	
0,3947	23,4271	
0,3947	23,4271	
0,3947	23,4271	
0,3944	23,4251	
0,3944	23,4251	
0,3944	23,4251	
0,3939	23,4225	
0,3939	23,4225	
0,3933	23,4191	
0,2921	22,5329	
0,315	22,7956	
0,315	22,7956	
0,3143	22,7913	
0,3355	23,0096	
0,3355	23,0096	
0,3355	23,0096	
0,3349	23,0063	
0,3349	23,0063	
0,3343	23,0023	
0,3537	23,1787	
0,3537	23,1787	
0,3537	23,1787	
0,3537	23,1787	
0,3533	23,1762	
0,3533	23,1762	
0,3533	23,1762	
0,3528	23,1732	
0,3528	23,1732	
0,3521	23,1692	
0,3701	23,3053	
0,3701	23,3053	
0,3701	23,3053	
0,3701	23,3053	
0,3701	23,3053	
0,3697	23,3034	
0,3697	23,3034	
0,3697	23,3034	
0,3697	23,3034	
0,3694	23,3012	
0,3694	23,3012	
0,3694	23,3012	
0,3688	23,2982	
0,3688	23,2982	
0,3681	23,2943	
0,2689	22,3639	
0,2943	22,6533	
0,2943	22,6533	
0,2936	22,6486	
0,3173	22,8915	
0,3173	22,8915	
0,3173	22,8915	
0,3167	22,8879	
0,3167	22,8879	
0,316	22,8834	
0,3378	23,0828	
0,3378	23,0828	
0,3378	23,0828	
0,3378	23,0828	
0,3373	23,08	
0,3373	23,08	
0,3373	23,08	
0,3368	23,0767	
0,3368	23,0767	
0,336	23,0722	
0,2428	22,1726	
0,2708	22,4905	
0,2708	22,4905	
0,27	22,4853	
0,2963	22,7549	
0,2963	22,7549	
0,2963	22,7549	
0,2956	22,7509	
0,2956	22,7509	
0,2948	22,746	
0,4064	23,0869	
0,412	23,2302	
0,412	23,2302	
0,4112	23,2282	
0,4167	23,3334	
0,4167	23,3334	
0,4167	23,3334	
0,4161	23,332	
0,4161	23,332	
0,4155	23,3301	
0,4213	23,3953	
0,4213	23,3953	
0,4213	23,3953	
0,4213	23,3953	
0,4211	23,394	
0,4211	23,394	
0,4211	23,394	
0,4209	23,3923	
0,4209	23,3923	
0,4206	23,3901	
0,4285	23,4087	
0,4285	23,4087	
0,4285	23,4087	
0,4285	23,4087	
0,4285	23,4087	
0,4283	23,4077	
0,4283	23,4077	
0,4283	23,4077	
0,4283	23,4077	
0,4282	23,4065	
0,4282	23,4065	
0,4282	23,4065	
0,4279	23,4049	
0,4279	23,4049	
0,4276	23,4028	
0,4351	23,3671	
0,4351	23,3671	
0,4351	23,3671	
0,4351	23,3671	
0,4351	23,3671	
0,4351	23,3671	
0,435	23,3664	
0,435	23,3664	
0,435	23,3664	
0,435	23,3664	
0,435	23,3664	
0,4349	23,3655	
0,4349	23,3655	
0,4349	23,3655	
0,4349	23,3655	
0,4347	23,3644	
0,4347	23,3644	
0,4347	23,3644	
0,4345	23,3628	
0,4345	23,3628	
0,4341	23,3609	
0,4415	23,2533	
0,4415	23,2533	
0,4415	23,2533	
0,4415	23,2533	
0,4415	23,2533	
0,4415	23,2533	
0,4414	23,2527	
0,4414	23,2527	
0,4414	23,2527	
0,4414	23,2527	
0,4414	23,2527	
0,4413	23,2519	
0,4413	23,2519	
0,4413	23,2519	
0,4413	23,2519	
0,4411	23,2508	
0,4411	23,2508	
0,4411	23,2508	
0,4409	23,2494	
0,4409	23,2494	
0,4406	23,2475	
0,4482	23,0432	
0,4482	23,0432	
0,4482	23,0432	
0,4482	23,0432	
0,4482	23,0432	
0,4482	23,0432	
0,4481	23,0426	
0,4481	23,0426	
0,4481	23,0426	
0,4481	23,0426	
0,4481	23,0426	
0,448	23,0419	
0,448	23,0419	
0,448	23,0419	
0,448	23,0419	
0,4478	23,0409	
0,4478	23,0409	
0,4478	23,0409	
0,4476	23,0396	
0,4476	23,0396	
0,4473	23,0378	
0,4555	22,7034	
0,4555	22,7034	
0,4555	22,7034	
0,4555	22,7034	
0,4555	22,7034	
0,4555	22,7034	
0,4554	22,7029	
0,4554	22,7029	
0,4554	22,7029	
0,4554	22,7029	
0,4554	22,7029	
0,4553	22,7023	
0,4553	22,7023	
0,4553	22,7023	
0,4553	22,7023	
0,4551	22,7014	
0,4551	22,7014	
0,4551	22,7014	
0,4549	22,7002	
0,4549	22,7002	
0,4546	22,6986	
0,4635	22,1957	
0,4635	22,1957	
0,4635	22,1957	
0,4635	22,1957	
0,4635	22,1957	
0,4635	22,1957	
0,4635	22,1953	
0,4635	22,1953	
0,4635	22,1953	
0,4635	22,1953	
0,4635	22,1953	
0,4634	22,1948	
0,4634	22,1948	
0,4634	22,1948	
0,4634	22,1948	
0,4632	22,194	
0,4632	22,194	
0,4632	22,194	
0,463	22,193	
0,463	22,193	
0,4627	22,1916	
0,4722	21,4835	
0,4722	21,4835	
0,4722	21,4835	
0,4722	21,4835	
0,4722	21,4835	
0,4722	21,4835	
0,4721	21,4832	
0,4721	21,4832	
0,4721	21,4832	
0,4721	21,4832	
0,4721	21,4832	
0,472	21,4827	
0,472	21,4827	
0,472	21,4827	
0,472	21,4827	
0,4719	21,4821	
0,4719	21,4821	
0,4719	21,4821	
0,4717	21,4812	
0,4717	21,4812	
0,4715	21,48	
0,4809	20,5423	
0,4809	20,5423	
0,4809	20,5423	
0,4809	20,5423	
0,4809	20,5423	
0,4809	20,5423	
0,4808	20,542	
0,4808	20,542	
0,4808	20,542	
0,4808	20,542	
0,4808	20,542	
0,4807	20,5417	
0,4807	20,5417	
0,4807	20,5417	
0,4807	20,5417	
0,4806	20,5412	
0,4806	20,5412	
0,4806	20,5412	
0,4805	20,5405	
0,4805	20,5405	
0,3937	23,0181	
0,4018	23,1769	
0,4018	23,1769	
0,4009	23,1748	
0,4089	23,2951	
0,4089	23,2951	
0,4089	23,2951	
0,4082	23,2936	
0,4082	23,2936	
0,4074	23,2915	
0,4162	23,3721	
0,4162	23,3721	
0,4162	23,3721	
0,4162	23,3721	
0,416	23,3706	
0,416	23,3706	
0,416	23,3706	
0,4157	23,3688	
0,4157	23,3688	
0,4154	23,3664	
0,4248	23,4039	
0,4248	23,4039	
0,4248	23,4039	
0,4248	23,4039	
0,4248	23,4039	
0,4246	23,4028	
0,4246	23,4028	
0,4246	23,4028	
0,4246	23,4028	
0,4244	23,4015	
0,4244	23,4015	
0,4244	23,4015	
0,4242	23,3997	
0,4242	23,3997	
0,4238	23,3974	
0,4329	23,385	
0,4329	23,385	
0,4329	23,385	
0,4329	23,385	
0,4329	23,385	
0,4329	23,385	
0,4328	23,3842	
0,4328	23,3842	
0,4328	23,3842	
0,4328	23,3842	
0,4328	23,3842	
0,4326	23,3833	
0,4326	23,3833	
0,4326	23,3833	
0,4326	23,3833	
0,4324	23,382	
0,4324	23,382	
0,4324	23,382	
0,4321	23,3803	
0,4321	23,3803	
0,4318	23,3782	
0,441	23,3008	
0,441	23,3008	
0,441	23,3008	
0,441	23,3008	
0,441	23,3008	
0,441	23,3008	
0,4409	23,3002	
0,4409	23,3002	
0,4409	23,3002	
0,4409	23,3002	
0,4409	23,3002	
0,4407	23,2993	
0,4407	23,2993	
0,4407	23,2993	
0,4407	23,2993	
0,4405	23,2981	
0,4405	23,2981	
0,4405	23,2981	
0,4402	23,2965	
0,4402	23,2965	
0,4399	23,2944	
0,4497	23,1304	
0,4497	23,1304	
0,4497	23,1304	
0,4497	23,1304	
0,4497	23,1304	
0,4497	23,1304	
0,4496	23,1298	
0,4496	23,1298	
0,4496	23,1298	
0,4496	23,1298	
0,4496	23,1298	
0,4495	23,1289	
0,4495	23,1289	
0,4495	23,1289	
0,4495	23,1289	
0,4493	23,1279	
0,4493	23,1279	
0,4493	23,1279	
0,449	23,1264	
0,449	23,1264	
0,4486	23,1244	
0,4597	22,8434	
0,4597	22,8434	
0,4597	22,8434	
0,4597	22,8434	
0,4597	22,8434	
0,4597	22,8434	
0,4596	22,8428	
0,4596	22,8428	
0,4596	22,8428	
0,4596	22,8428	
0,4596	22,8428	
0,4594	22,8421	
0,4594	22,8421	
0,4594	22,8421	
0,4594	22,8421	
0,4592	22,8411	
0,4592	22,8411	
0,4592	22,8411	
0,459	22,8397	
0,459	22,8397	
0,4586	22,8379	
0,4712	22,4027	
0,4712	22,4027	
0,4712	22,4027	
0,4712	22,4027	
0,4712	22,4027	
0,4712	22,4027	
0,4711	22,4022	
0,4711	22,4022	
0,4711	22,4022	
0,4711	22,4022	
0,4711	22,4022	
0,471	22,4016	
0,471	22,4016	
0,471	22,4016	
0,471	22,4016	
0,4708	22,4007	
0,4708	22,4007	
0,4708	22,4007	
0,4706	22,3995	
0,4706	22,3995	
0,4702	22,3979	
0,4842	21,77	
0,4842	21,77	
0,4842	21,77	
0,4842	21,77	
0,4842	21,77	
0,4842	21,77	
0,4841	21,7696	
0,4841	21,7696	
0,4841	21,7696	
0,4841	21,7696	
0,4841	21,7696	
0,484	21,7691	
0,484	21,7691	
0,484	21,7691	
0,484	21,7691	
0,4838	21,7684	
0,4838	21,7684	
0,4838	21,7684	
0,4836	21,7674	
0,4836	21,7674	
0,4833	21,766	
0,3781	22,9368	
0,389	23,1128	
0,389	23,1128	
0,388	23,1104	
0,3986	23,2471	
0,3986	23,2471	
0,3986	23,2471	
0,3982	23,2451	
0,3982	23,2451	
0,3978	23,2424	
0,4096	23,339	
0,4096	23,339	
0,4096	23,339	
0,4096	23,339	
0,4093	23,3374	
0,4093	23,3374	
0,4093	23,3374	
0,409	23,3354	
0,409	23,3354	
0,4086	23,3327	
0,4196	23,3893	
0,4196	23,3893	
0,4196	23,3893	
0,4196	23,3893	
0,4196	23,3893	
0,4194	23,3882	
0,4194	23,3882	
0,4194	23,3882	
0,4194	23,3882	
0,4192	23,3867	
0,4192	23,3867	
0,4192	23,3867	
0,4189	23,3848	
0,4189	23,3848	
0,4185	23,3822	
0,4291	23,3925	
0,4291	23,3925	
0,4291	23,3925	
0,4291	23,3925	
0,4291	23,3925	
0,4291	23,3925	
0,429	23,3916	
0,429	23,3916	
0,429	23,3916	
0,429	23,3916	
0,429	23,3916	
0,4288	23,3906	
0,4288	23,3906	
0,4288	23,3906	
0,4288	23,3906	
0,4286	23,3892	
0,4286	23,3892	
0,4286	23,3892	
0,4282	23,3873	
0,4282	23,3873	
0,4278	23,3849	
0,4386	23,3363	
0,4386	23,3363	
0,4386	23,3363	
0,4386	23,3363	
0,4386	23,3363	
0,4386	23,3363	
0,4385	23,3356	
0,4385	23,3356	
0,4385	23,3356	
0,4385	23,3356	
0,4385	23,3356	
0,4383	23,3346	
0,4383	23,3346	
0,4383	23,3346	
0,4383	23,3346	
0,4381	23,3332	
0,4381	23,3332	
0,4381	23,3332	
0,4378	23,3315	
0,4378	23,3315	
0,4373	23,3292	
0,449	23,2031	
0,449	23,2031	
0,449	23,2031	
0,449	23,2031	
0,449	23,2031	
0,449	23,2031	
0,4489	23,2024	
0,4489	23,2024	
0,4489	23,2024	
0,4489	23,2024	
0,4489	23,2024	
0,4487	23,2015	
0,4487	23,2015	
0,4487	23,2015	
0,4487	23,2015	
0,4485	23,2003	
0,4485	23,2003	
0,4485	23,2003	
0,4482	23,1986	
0,4482	23,1986	
0,4478	23,1964	
0,4614	22,9654	
0,4614	22,9654	
0,4614	22,9654	
0,4614	22,9654	
0,4614	22,9654	
0,4614	22,9654	
0,4612	22,9649	
0,4612	22,9649	
0,4612	22,9649	
0,4612	22,9649	
0,4612	22,9649	
0,461	22,9642	
0,461	22,9642	
0,461	22,9642	
0,461	22,9642	
0,4606	22,9632	
0,4606	22,9632	
0,4606	22,9632	
0,4603	22,9617	
0,4603	22,9617	
0,4598	22,9596	
0,4806	22,5843	
0,4806	22,5843	
0,4806	22,5843	
0,4806	22,5843	
0,4806	22,5843	
0,4806	22,5843	
0,4804	22,5839	
0,4804	22,5839	
0,4804	22,5839	
0,4804	22,5839	
0,4804	22,5839	
0,4802	22,5832	
0,4802	22,5832	
0,4802	22,5832	
0,4802	22,5832	
0,4799	22,5822	
0,4799	22,5822	
0,4799	22,5822	
0,4795	22,581	
0,4795	22,581	
0,479	22,5793	
0,3601	22,8463	
0,3746	23,0394	
0,3746	23,0394	
0,3742	23,0363	
0,3891	23,1884	
0,3891	23,1884	
0,3891	23,1884	
0,3887	23,186	
0,3887	23,186	
0,3882	23,183	
0,4017	23,2972	
0,4017	23,2972	
0,4017	23,2972	
0,4017	23,2972	
0,4015	23,2954	
0,4015	23,2954	
0,4015	23,2954	
0,4011	23,2932	
0,4011	23,2932	
0,4007	23,2903	
0,4132	23,3654	
0,4132	23,3654	
0,4132	23,3654	
0,4132	23,3654	
0,4132	23,3654	
0,413	23,3641	
0,413	23,3641	
0,413	23,3641	
0,413	23,3641	
0,4127	23,3625	
0,4127	23,3625	
0,4127	23,3625	
0,4124	23,3603	
0,4124	23,3603	
0,4119	23,3575	
0,424	23,3889	
0,424	23,3889	
0,424	23,3889	
0,424	23,3889	
0,424	23,3889	
0,424	23,3889	
0,4238	23,3879	
0,4238	23,3879	
0,4238	23,3879	
0,4238	23,3879	
0,4238	23,3879	
0,4236	23,3868	
0,4236	23,3868	
0,4236	23,3868	
0,4236	23,3868	
0,4233	23,3852	
0,4233	23,3852	
0,4233	23,3852	
0,423	23,3831	
0,423	23,3831	
0,4225	23,3805	
0,4347	23,3578	
0,4347	23,3578	
0,4347	23,3578	
0,4347	23,3578	
0,4347	23,3578	
0,4347	23,3578	
0,4345	23,357	
0,4345	23,357	
0,4345	23,357	
0,4345	23,357	
0,4345	23,357	
0,4343	23,3559	
0,4343	23,3559	
0,4343	23,3559	
0,4343	23,3559	
0,4341	23,3544	
0,4341	23,3544	
0,4341	23,3544	
0,4337	23,3525	
0,4337	23,3525	
0,4332	23,3499	
0,4464	23,2575	
0,4464	23,2575	
0,4464	23,2575	
0,4464	23,2575	
0,4464	23,2575	
0,4464	23,2575	
0,4462	23,2568	
0,4462	23,2568	
0,4462	23,2568	
0,4462	23,2568	
0,4462	23,2568	
0,446	23,2557	
0,446	23,2557	
0,446	23,2557	
0,446	23,2557	
0,4457	23,2543	
0,4457	23,2543	
0,4457	23,2543	
0,4454	23,2525	
0,4454	23,2525	
0,4449	23,25	
0,4649	23,0591	
0,4649	23,0591	
0,4649	23,0591	
0,4649	23,0591	
0,4649	23,0591	
0,4649	23,0591	
0,4646	23,0585	
0,4646	23,0585	
0,4646	23,0585	
0,4646	23,0585	
0,4646	23,0585	
0,4643	23,0577	
0,4643	23,0577	
0,4643	23,0577	
0,4643	23,0577	
0,4639	23,0565	
0,4639	23,0565	
0,4639	23,0565	
0,4634	23,0549	
0,4634	23,0549	
0,4628	23,0528	
0,3427	22,737	
0,3613	22,949	
0,3613	22,949	
0,3608	22,9455	
0,3777	23,117	
0,3777	23,117	
0,3777	23,117	
0,3773	23,1144	
0,3773	23,1144	
0,3768	23,1111	
0,3922	23,2439	
0,3922	23,2439	
0,3922	23,2439	
0,3922	23,2439	
0,3918	23,242	
0,3918	23,242	
0,3918	23,242	
0,3914	23,2395	
0,3914	23,2395	
0,3909	23,2363	
0,4051	23,3304	
0,4051	23,3304	
0,4051	23,3304	
0,4051	23,3304	
0,4051	23,3304	
0,4049	23,329	
0,4049	23,329	
0,4049	23,329	
0,4049	23,329	
0,4046	23,3272	
0,4046	23,3272	
0,4046	23,3272	
0,4042	23,3248	
0,4042	23,3248	
0,4036	23,3217	
0,4173	23,3739	
0,4173	23,3739	
0,4173	23,3739	
0,4173	23,3739	
0,4173	23,3739	
0,4173	23,3739	
0,4171	23,3729	
0,4171	23,3729	
0,4171	23,3729	
0,4171	23,3729	
0,4171	23,3729	
0,4168	23,3716	
0,4168	23,3716	
0,4168	23,3716	
0,4168	23,3716	
0,4165	23,3698	
0,4165	23,3698	
0,4165	23,3698	
0,4161	23,3675	
0,4161	23,3675	
0,4156	23,3646	
0,4291	23,3666	
0,4291	23,3666	
0,4291	23,3666	
0,4291	23,3666	
0,4291	23,3666	
0,4291	23,3666	
0,4289	23,3657	
0,4289	23,3657	
0,4289	23,3657	
0,4289	23,3657	
0,4289	23,3657	
0,4287	23,3645	
0,4287	23,3645	
0,4287	23,3645	
0,4287	23,3645	
0,4284	23,3628	
0,4284	23,3628	
0,4284	23,3628	
0,428	23,3606	
0,428	23,3606	
0,4274	23,3577	
0,4423	23,2962	
0,4423	23,2962	
0,4423	23,2962	
0,4423	23,2962	
0,4423	23,2962	
0,4423	23,2962	
0,442	23,2956	
0,442	23,2956	
0,442	23,2956	
0,442	23,2956	
0,442	23,2956	
0,4416	23,2946	
0,4416	23,2946	
0,4416	23,2946	
0,4416	23,2946	
0,4411	23,2932	
0,4411	23,2932	
0,4411	23,2932	
0,4407	23,2911	
0,4407	23,2911	
0,4401	23,2883	
0,3248	22,609	
0,3457	22,8436	
0,3457	22,8436	
0,3451	22,8398	
0,3643	23,0323	
0,3643	23,0323	
0,3643	23,0323	
0,3638	23,0294	
0,3638	23,0294	
0,3632	23,0258	
0,3807	23,1784	
0,3807	23,1784	
0,3807	23,1784	
0,3807	23,1784	
0,3803	23,1763	
0,3803	23,1763	
0,3803	23,1763	
0,3799	23,1736	
0,3799	23,1736	
0,3793	23,17	
0,3954	23,2837	
0,3954	23,2837	
0,3954	23,2837	
0,3954	23,2837	
0,3954	23,2837	
0,3951	23,2821	
0,3951	23,2821	
0,3951	23,2821	
0,3951	23,2821	
0,3947	23,2801	
0,3947	23,2801	
0,3947	23,2801	
0,3943	23,2775	
0,3943	23,2775	
0,3937	23,274	
0,4089	23,3469	
0,4089	23,3469	
0,4089	23,3469	
0,4089	23,3469	
0,4089	23,3469	
0,4089	23,3469	
0,4087	23,3458	
0,4087	23,3458	
0,4087	23,3458	
0,4087	23,3458	
0,4087	23,3458	
0,4084	23,3443	
0,4084	23,3443	
0,4084	23,3443	
0,4084	23,3443	
0,4081	23,3424	
0,4081	23,3424	
0,4081	23,3424	
0,4076	23,3398	
0,4076	23,3398	
0,407	23,3365	
0,4219	23,3621	
0,4219	23,3621	
0,4219	23,3621	
0,4219	23,3621	
0,4219	23,3621	
0,4219	23,3621	
0,4217	23,3611	
0,4217	23,3611	
0,4217	23,3611	
0,4217	23,3611	
0,4217	23,3611	
0,4214	23,3597	
0,4214	23,3597	
0,4214	23,3597	
0,4214	23,3597	
0,4211	23,3578	
0,4211	23,3578	
0,4211	23,3578	
0,4206	23,3554	
0,4206	23,3554	
0,4199	23,3521	
0,3047	22,4661	
0,3281	22,7248	
0,3281	22,7248	
0,3275	22,7206	
0,349	22,9353	
0,349	22,9353	
0,349	22,9353	
0,3485	22,932	
0,3485	22,932	
0,3478	22,9281	
0,3675	23,1015	
0,3675	23,1015	
0,3675	23,1015	
0,3675	23,1015	
0,3671	23,0991	
0,3671	23,0991	
0,3671	23,0991	
0,3666	23,0961	
0,3666	23,0961	
0,3659	23,0922	
0,384	23,2259	
0,384	23,2259	
0,384	23,2259	
0,384	23,2259	
0,384	23,2259	
0,3837	23,2241	
0,3837	23,2241	
0,3837	23,2241	
0,3837	23,2241	
0,3833	23,2219	
0,3833	23,2219	
0,3833	23,2219	
0,3828	23,2189	
0,3828	23,2189	
0,382	23,2151	
0,3991	23,3083	
0,3991	23,3083	
0,3991	23,3083	
0,3991	23,3083	
0,3991	23,3083	
0,3991	23,3083	
0,3988	23,3071	
0,3988	23,3071	
0,3988	23,3071	
0,3988	23,3071	
0,3988	23,3071	
0,3985	23,3054	
0,3985	23,3054	
0,3985	23,3054	
0,3985	23,3054	
0,3981	23,3033	
0,3981	23,3033	
0,3981	23,3033	
0,3975	23,3004	
0,3975	23,3004	
0,3968	23,2967	
0,2819	22,3033	
0,3079	22,588	
0,3079	22,588	
0,3071	22,5834	
0,3312	22,8222	
0,3312	22,8222	
0,3312	22,8222	
0,3306	22,8186	
0,3306	22,8186	
0,3299	22,8143	
0,352	23,01	
0,352	23,01	
0,352	23,01	
0,352	23,01	
0,3515	23,0073	
0,3515	23,0073	
0,3515	23,0073	
0,351	23,0041	
0,351	23,0041	
0,3502	22,9997	
0,3706	23,1546	
0,3706	23,1546	
0,3706	23,1546	
0,3706	23,1546	
0,3706	23,1546	
0,3702	23,1526	
0,3702	23,1526	
0,3702	23,1526	
0,3702	23,1526	
0,3697	23,1501	
0,3697	23,1501	
0,3697	23,1501	
0,3691	23,1468	
0,3691	23,1468	
0,3683	23,1425	
0,2555	22,1142	
0,2841	22,4277	
0,2841	22,4277	
0,2833	22,4226	
0,3102	22,6881	
0,3102	22,6881	
0,3102	22,6881	
0,3095	22,6842	
0,3095	22,6842	
0,3087	22,6794	
0,3335	22,8998	
0,3335	22,8998	
0,3335	22,8998	
0,3335	22,8998	
0,333	22,8968	
0,333	22,8968	
0,333	22,8968	
0,3323	22,8931	
0,3323	22,8931	
0,3314	22,8883	
