0,0063	20,7299	
0,0082	21,5004	
0,0083	21,5989	
0,0083	21,5989	
0,0082	21,5972	
0,0068	21,4338	
0,01	22,2152	
0,0102	22,3309	
0,0102	22,3309	
0,0101	22,3289	
0,0112	22,4144	
0,0112	22,4144	
0,0112	22,4144	
0,0111	22,4129	
0,0111	22,4129	
0,0111	22,411	
0,0086	22,1403	
0,0087	22,2695	
0,0087	22,2695	
0,0086	22,2673	
0,0069	22,053	
0,0119	22,8691	
0,0121	23,0033	
0,0121	23,0033	
0,012	23,0009	
0,0134	23,1003	
0,0134	23,1003	
0,0134	23,1003	
0,0133	23,0985	
0,0133	23,0985	
0,0132	23,0964	
0,016	23,1599	
0,016	23,1599	
0,016	23,1599	
0,016	23,1599	
0,0159	23,1586	
0,0159	23,1586	
0,0159	23,1586	
0,0158	23,157	
0,0158	23,157	
0,0157	23,1549	
0,0103	22,7858	
0,0105	22,9355	
0,0105	22,9355	
0,0104	22,9329	
0,0115	23,0474	
0,0115	23,0474	
0,0115	23,0474	
0,0114	23,0455	
0,0114	23,0455	
0,0113	23,0431	
0,0086	22,69	
0,0087	22,8562	
0,0087	22,8562	
0,0086	22,8534	
0,0065	22,5767	
0,0137	23,4585	
0,0141	23,6119	
0,0141	23,6119	
0,014	23,6092	
0,0155	23,7232	
0,0155	23,7232	
0,0155	23,7232	
0,0154	23,7212	
0,0154	23,7212	
0,0153	23,7187	
0,0186	23,7916	
0,0186	23,7916	
0,0186	23,7916	
0,0186	23,7916	
0,0185	23,7901	
0,0185	23,7901	
0,0185	23,7901	
0,0185	23,7882	
0,0185	23,7882	
0,0183	23,7858	
0,0241	23,8123	
0,0241	23,8123	
0,0241	23,8123	
0,0241	23,8123	
0,0241	23,8123	
0,024	23,8112	
0,024	23,8112	
0,024	23,8112	
0,024	23,8112	
0,0239	23,8099	
0,0239	23,8099	
0,0239	23,8099	
0,0239	23,8081	
0,0239	23,8081	
0,0237	23,8057	
0,0121	23,3669	
0,0123	23,5378	
0,0123	23,5378	
0,0122	23,5349	
0,0135	23,6661	
0,0135	23,6661	
0,0135	23,6661	
0,0134	23,6639	
0,0134	23,6639	
0,0133	23,6611	
0,0161	23,752	
0,0161	23,752	
0,0161	23,752	
0,0161	23,752	
0,016	23,7504	
0,016	23,7504	
0,016	23,7504	
0,0159	23,7484	
0,0159	23,7484	
0,0158	23,7457	
0,0102	23,2626	
0,0104	23,4519	
0,0104	23,4519	
0,0103	23,4487	
0,0114	23,5976	
0,0114	23,5976	
0,0114	23,5976	
0,0113	23,5952	
0,0113	23,5952	
0,0112	23,5923	
0,008	23,1393	
0,0082	23,3488	
0,0082	23,3488	
0,0081	23,3453	
0,0056	23,004	
0,0156	23,9816	
0,0161	24,1545	
0,0161	24,1545	
0,0159	24,1515	
0,0178	24,2804	
0,0178	24,2804	
0,0178	24,2804	
0,0177	24,2781	
0,0177	24,2781	
0,0175	24,2753	
0,0213	24,3577	
0,0213	24,3577	
0,0213	24,3577	
0,0213	24,3577	
0,0213	24,356	
0,0213	24,356	
0,0213	24,356	
0,0211	24,3539	
0,0211	24,3539	
0,021	24,3511	
0,0276	24,3807	
0,0276	24,3807	
0,0276	24,3807	
0,0276	24,3807	
0,0276	24,3807	
0,0275	24,3795	
0,0275	24,3795	
0,0275	24,3795	
0,0275	24,3795	
0,0274	24,378	
0,0274	24,378	
0,0274	24,378	
0,0273	24,3759	
0,0273	24,3759	
0,0272	24,3732	
0,0378	24,338	
0,0378	24,338	
0,0378	24,338	
0,0378	24,338	
0,0378	24,338	
0,0378	24,338	
0,0377	24,3371	
0,0377	24,3371	
0,0377	24,3371	
0,0377	24,3371	
0,0377	24,3371	
0,0377	24,336	
0,0377	24,336	
0,0377	24,336	
0,0377	24,336	
0,0376	24,3345	
0,0376	24,3345	
0,0376	24,3345	
0,0375	24,3326	
0,0375	24,3326	
0,0373	24,3301	
0,0138	23,8817	
0,0142	24,0741	
0,0142	24,0741	
0,014	24,0708	
0,0156	24,219	
0,0156	24,219	
0,0156	24,219	
0,0155	24,2165	
0,0155	24,2165	
0,0153	24,2135	
0,0186	24,3163	
0,0186	24,3163	
0,0186	24,3163	
0,0186	24,3163	
0,0185	24,3144	
0,0185	24,3144	
0,0185	24,3144	
0,0184	24,3121	
0,0184	24,3121	
0,0183	24,3091	
0,024	24,362	
0,024	24,362	
0,024	24,362	
0,024	24,362	
0,024	24,362	
0,0239	24,3607	
0,0239	24,3607	
0,0239	24,3607	
0,0239	24,3607	
0,0238	24,359	
0,0238	24,359	
0,0238	24,359	
0,0237	24,3567	
0,0237	24,3567	
0,0236	24,3538	
0,0119	23,7692	
0,0122	23,9817	
0,0122	23,9817	
0,012	23,9781	
0,0134	24,146	
0,0134	24,146	
0,0134	24,146	
0,0133	24,1433	
0,0133	24,1433	
0,0131	24,14	
0,016	24,263	
0,016	24,263	
0,016	24,263	
0,016	24,263	
0,0158	24,261	
0,0158	24,261	
0,0158	24,261	
0,0157	24,2585	
0,0157	24,2585	
0,0155	24,2551	
0,0096	23,6361	
0,0099	23,8708	
0,0099	23,8708	
0,0097	23,8669	
0,0109	24,056	
0,0109	24,056	
0,0109	24,056	
0,0108	24,053	
0,0108	24,053	
0,0106	24,0494	
0,007	23,4882	
0,0074	23,7457	
0,0074	23,7457	
0,0072	23,7415	
0,0042	23,33	
0,021	24,4347	
0,0182	24,6303	
0,0182	24,6303	
0,018	24,6269	
0,0202	24,7705	
0,0202	24,7705	
0,0202	24,7705	
0,02	24,7679	
0,02	24,7679	
0,0199	24,7648	
0,0242	24,8567	
0,0242	24,8567	
0,0242	24,8567	
0,0242	24,8567	
0,0241	24,8547	
0,0241	24,8547	
0,0241	24,8547	
0,024	24,8524	
0,024	24,8524	
0,0238	24,8493	
0,0313	24,882	
0,0313	24,882	
0,0313	24,882	
0,0313	24,882	
0,0313	24,882	
0,0312	24,8806	
0,0312	24,8806	
0,0312	24,8806	
0,0312	24,8806	
0,0311	24,8789	
0,0311	24,8789	
0,0311	24,8789	
0,031	24,8766	
0,031	24,8766	
0,0308	24,8736	
0,0427	24,8334	
0,0427	24,8334	
0,0427	24,8334	
0,0427	24,8334	
0,0427	24,8334	
0,0427	24,8334	
0,0426	24,8325	
0,0426	24,8325	
0,0426	24,8325	
0,0426	24,8325	
0,0426	24,8325	
0,0425	24,8312	
0,0425	24,8312	
0,0425	24,8312	
0,0425	24,8312	
0,0424	24,8296	
0,0424	24,8296	
0,0424	24,8296	
0,0423	24,8274	
0,0423	24,8274	
0,0422	24,8246	
0,06	24,6891	
0,06	24,6891	
0,06	24,6891	
0,06	24,6891	
0,06	24,6891	
0,06	24,6891	
0,0599	24,6882	
0,0599	24,6882	
0,0599	24,6882	
0,0599	24,6882	
0,0599	24,6882	
0,0598	24,6871	
0,0598	24,6871	
0,0598	24,6871	
0,0598	24,6871	
0,0597	24,6855	
0,0597	24,6855	
0,0597	24,6855	
0,0596	24,6835	
0,0596	24,6835	
0,0594	24,6808	
0,0157	24,3304	
0,0162	24,5437	
0,0162	24,5437	
0,016	24,54	
0,0178	24,705	
0,0178	24,705	
0,0178	24,705	
0,0177	24,7022	
0,0177	24,7022	
0,0175	24,6988	
0,0213	24,8135	
0,0213	24,8135	
0,0213	24,8135	
0,0213	24,8135	
0,0212	24,8114	
0,0212	24,8114	
0,0212	24,8114	
0,021	24,8089	
0,021	24,8089	
0,0209	24,8055	
0,0274	24,8643	
0,0274	24,8643	
0,0274	24,8643	
0,0274	24,8643	
0,0274	24,8643	
0,0273	24,8628	
0,0273	24,8628	
0,0273	24,8628	
0,0273	24,8628	
0,0272	24,8609	
0,0272	24,8609	
0,0272	24,8609	
0,027	24,8584	
0,027	24,8584	
0,0269	24,8551	
0,0373	24,8469	
0,0373	24,8469	
0,0373	24,8469	
0,0373	24,8469	
0,0373	24,8469	
0,0373	24,8469	
0,0372	24,8459	
0,0372	24,8459	
0,0372	24,8459	
0,0372	24,8459	
0,0372	24,8459	
0,0371	24,8445	
0,0371	24,8445	
0,0371	24,8445	
0,0371	24,8445	
0,037	24,8427	
0,037	24,8427	
0,037	24,8427	
0,0369	24,8403	
0,0369	24,8403	
0,0367	24,8372	
0,0136	24,2098	
0,0141	24,445	
0,0141	24,445	
0,0139	24,441	
0,0155	24,6276	
0,0155	24,6276	
0,0155	24,6276	
0,0153	24,6245	
0,0153	24,6245	
0,0151	24,6208	
0,0184	24,7579	
0,0184	24,7579	
0,0184	24,7579	
0,0184	24,7579	
0,0183	24,7556	
0,0183	24,7556	
0,0183	24,7556	
0,0182	24,7528	
0,0182	24,7528	
0,018	24,7491	
0,0237	24,8328	
0,0237	24,8328	
0,0237	24,8328	
0,0237	24,8328	
0,0237	24,8328	
0,0235	24,8311	
0,0235	24,8311	
0,0235	24,8311	
0,0235	24,8311	
0,0234	24,8291	
0,0234	24,8291	
0,0234	24,8291	
0,0233	24,8263	
0,0233	24,8263	
0,0231	24,8227	
0,0112	24,0675	
0,0116	24,3265	
0,0116	24,3265	
0,0114	24,3222	
0,0129	24,532	
0,0129	24,532	
0,0129	24,532	
0,0127	24,5286	
0,0127	24,5286	
0,0125	24,5246	
0,0154	24,6852	
0,0154	24,6852	
0,0154	24,6852	
0,0154	24,6852	
0,0153	24,6827	
0,0153	24,6827	
0,0153	24,6827	
0,0151	24,6796	
0,0151	24,6796	
0,0149	24,6755	
0,0085	23,9077	
0,009	24,1915	
0,009	24,1915	
0,0087	24,1868	
0,0101	24,4206	
0,0101	24,4206	
0,0101	24,4206	
0,0099	24,4169	
0,0099	24,4169	
0,0097	24,4125	
0,0055	23,7359	
0,0061	24,0446	
0,0061	24,0446	
0,0059	24,0395	
0,002	23,5348	
0,0298	24,8192	
0,0205	25,0395	
0,0205	25,0395	
0,0203	25,0358	
0,0228	25,1934	
0,0228	25,1934	
0,0228	25,1934	
0,0227	25,1906	
0,0227	25,1906	
0,0225	25,1871	
0,0273	25,2881	
0,0273	25,2881	
0,0273	25,2881	
0,0273	25,2881	
0,0272	25,286	
0,0272	25,286	
0,0272	25,286	
0,0271	25,2834	
0,0271	25,2834	
0,0269	25,28	
0,0352	25,3156	
0,0352	25,3156	
0,0352	25,3156	
0,0352	25,3156	
0,0352	25,3156	
0,0351	25,3141	
0,0351	25,3141	
0,0351	25,3141	
0,0351	25,3141	
0,035	25,3122	
0,035	25,3122	
0,035	25,3122	
0,0349	25,3097	
0,0349	25,3097	
0,0347	25,3064	
0,0478	25,2614	
0,0478	25,2614	
0,0478	25,2614	
0,0478	25,2614	
0,0478	25,2614	
0,0478	25,2614	
0,0477	25,2603	
0,0477	25,2603	
0,0477	25,2603	
0,0477	25,2603	
0,0477	25,2603	
0,0476	25,259	
0,0476	25,259	
0,0476	25,259	
0,0476	25,259	
0,0475	25,2572	
0,0475	25,2572	
0,0475	25,2572	
0,0474	25,2547	
0,0474	25,2547	
0,0472	25,2517	
0,0667	25,1016	
0,0667	25,1016	
0,0667	25,1016	
0,0667	25,1016	
0,0667	25,1016	
0,0667	25,1016	
0,0666	25,1007	
0,0666	25,1007	
0,0666	25,1007	
0,0666	25,1007	
0,0666	25,1007	
0,0665	25,0994	
0,0665	25,0994	
0,0665	25,0994	
0,0665	25,0994	
0,0664	25,0977	
0,0664	25,0977	
0,0664	25,0977	
0,0663	25,0955	
0,0663	25,0955	
0,0661	25,0926	
0,0936	24,8057	
0,0936	24,8057	
0,0936	24,8057	
0,0936	24,8057	
0,0936	24,8057	
0,0936	24,8057	
0,0935	24,8049	
0,0935	24,8049	
0,0935	24,8049	
0,0935	24,8049	
0,0935	24,8049	
0,0934	24,8038	
0,0934	24,8038	
0,0934	24,8038	
0,0934	24,8038	
0,0933	24,8023	
0,0933	24,8023	
0,0933	24,8023	
0,0931	24,8002	
0,0931	24,8002	
0,0929	24,7975	
0,0191	24,7125	
0,0184	24,9471	
0,0184	24,9471	
0,0182	24,943	
0,0203	25,124	
0,0203	25,124	
0,0203	25,124	
0,0202	25,1209	
0,0202	25,1209	
0,02	25,1171	
0,0242	25,2432	
0,0242	25,2432	
0,0242	25,2432	
0,0242	25,2432	
0,0241	25,2409	
0,0241	25,2409	
0,0241	25,2409	
0,0239	25,2381	
0,0239	25,2381	
0,0237	25,2343	
0,031	25,2989	
0,031	25,2989	
0,031	25,2989	
0,031	25,2989	
0,031	25,2989	
0,0309	25,2972	
0,0309	25,2972	
0,0309	25,2972	
0,0309	25,2972	
0,0308	25,2951	
0,0308	25,2951	
0,0308	25,2951	
0,0306	25,2924	
0,0306	25,2924	
0,0304	25,2887	
0,042	25,2792	
0,042	25,2792	
0,042	25,2792	
0,042	25,2792	
0,042	25,2792	
0,042	25,2792	
0,0419	25,278	
0,0419	25,278	
0,0419	25,278	
0,0419	25,278	
0,0419	25,278	
0,0418	25,2765	
0,0418	25,2765	
0,0418	25,2765	
0,0418	25,2765	
0,0417	25,2745	
0,0417	25,2745	
0,0417	25,2745	
0,0415	25,2718	
0,0415	25,2718	
0,0413	25,2684	
0,0587	25,1635	
0,0587	25,1635	
0,0587	25,1635	
0,0587	25,1635	
0,0587	25,1635	
0,0587	25,1635	
0,0586	25,1625	
0,0586	25,1625	
0,0586	25,1625	
0,0586	25,1625	
0,0586	25,1625	
0,0585	25,1611	
0,0585	25,1611	
0,0585	25,1611	
0,0585	25,1611	
0,0584	25,1592	
0,0584	25,1592	
0,0584	25,1592	
0,0583	25,1568	
0,0583	25,1568	
0,058	25,1534	
0,0156	24,5859	
0,0162	24,8423	
0,0162	24,8423	
0,0159	24,838	
0,0178	25,0422	
0,0178	25,0422	
0,0178	25,0422	
0,0177	25,0389	
0,0177	25,0389	
0,0175	25,0348	
0,0212	25,1853	
0,0212	25,1853	
0,0212	25,1853	
0,0212	25,1853	
0,021	25,1828	
0,021	25,1828	
0,021	25,1828	
0,0209	25,1797	
0,0209	25,1797	
0,0206	25,1756	
0,027	25,2675	
0,027	25,2675	
0,027	25,2675	
0,027	25,2675	
0,027	25,2675	
0,0269	25,2656	
0,0269	25,2656	
0,0269	25,2656	
0,0269	25,2656	
0,0268	25,2634	
0,0268	25,2634	
0,0268	25,2634	
0,0266	25,2603	
0,0266	25,2603	
0,0264	25,2563	
0,0366	25,2794	
0,0366	25,2794	
0,0366	25,2794	
0,0366	25,2794	
0,0366	25,2794	
0,0366	25,2794	
0,0365	25,2781	
0,0365	25,2781	
0,0365	25,2781	
0,0365	25,2781	
0,0365	25,2781	
0,0364	25,2765	
0,0364	25,2765	
0,0364	25,2765	
0,0364	25,2765	
0,0362	25,2742	
0,0362	25,2742	
0,0362	25,2742	
0,036	25,2713	
0,036	25,2713	
0,0358	25,2675	
0,013	24,4349	
0,0136	24,7167	
0,0136	24,7167	
0,0134	24,712	
0,0151	24,9413	
0,0151	24,9413	
0,0151	24,9413	
0,0149	24,9377	
0,0149	24,9377	
0,0147	24,9332	
0,018	25,1093	
0,018	25,1093	
0,018	25,1093	
0,018	25,1093	
0,0178	25,1066	
0,0178	25,1066	
0,0178	25,1066	
0,0176	25,1032	
0,0176	25,1032	
0,0174	25,0987	
0,023	25,2183	
0,023	25,2183	
0,023	25,2183	
0,023	25,2183	
0,023	25,2183	
0,0229	25,2163	
0,0229	25,2163	
0,0229	25,2163	
0,0229	25,2163	
0,0227	25,2138	
0,0227	25,2138	
0,0227	25,2138	
0,0225	25,2104	
0,0225	25,2104	
0,0223	25,206	
0,0102	24,2641	
0,0108	24,5725	
0,0108	24,5725	
0,0106	24,5673	
0,0122	24,8226	
0,0122	24,8226	
0,0122	24,8226	
0,012	24,8186	
0,012	24,8186	
0,0117	24,8138	
0,0147	25,016	
0,0147	25,016	
0,0147	25,016	
0,0147	25,016	
0,0145	25,013	
0,0145	25,013	
0,0145	25,013	
0,0143	25,0093	
0,0143	25,0093	
0,0141	25,0043	
0,007	24,0798	
0,0078	24,4149	
0,0078	24,4149	
0,0075	24,4093	
0,0091	24,6906	
0,0091	24,6906	
0,0091	24,6906	
0,0089	24,6862	
0,0089	24,6862	
0,0086	24,6809	
0,0033	23,8658	
0,0043	24,2297	
0,0043	24,2297	
0,0039	24,2237	
2,1968	23,6261	
0,0393	25,1394	
0,0288	25,3775	
0,0288	25,3775	
0,0279	25,3742	
0,026	25,5494	
0,026	25,5494	
0,026	25,5494	
0,0258	25,5463	
0,0258	25,5463	
0,0256	25,5426	
0,031	25,6519	
0,031	25,6519	
0,031	25,6519	
0,031	25,6519	
0,0309	25,6496	
0,0309	25,6496	
0,0309	25,6496	
0,0307	25,6468	
0,0307	25,6468	
0,0305	25,6431	
0,0396	25,6815	
0,0396	25,6815	
0,0396	25,6815	
0,0396	25,6815	
0,0396	25,6815	
0,0395	25,6798	
0,0395	25,6798	
0,0395	25,6798	
0,0395	25,6798	
0,0394	25,6778	
0,0394	25,6778	
0,0394	25,6778	
0,0392	25,675	
0,0392	25,675	
0,039	25,6714	
0,0532	25,622	
0,0532	25,622	
0,0532	25,622	
0,0532	25,622	
0,0532	25,622	
0,0532	25,622	
0,0531	25,6208	
0,0531	25,6208	
0,0531	25,6208	
0,0531	25,6208	
0,0531	25,6208	
0,053	25,6194	
0,053	25,6194	
0,053	25,6194	
0,053	25,6194	
0,0529	25,6174	
0,0529	25,6174	
0,0529	25,6174	
0,0528	25,6148	
0,0528	25,6148	
0,0526	25,6115	
0,0735	25,448	
0,0735	25,448	
0,0735	25,448	
0,0735	25,448	
0,0735	25,448	
0,0735	25,448	
0,0735	25,447	
0,0735	25,447	
0,0735	25,447	
0,0735	25,447	
0,0735	25,447	
0,0734	25,4456	
0,0734	25,4456	
0,0734	25,4456	
0,0734	25,4456	
0,0732	25,4438	
0,0732	25,4438	
0,0732	25,4438	
0,0731	25,4414	
0,0731	25,4414	
0,0729	25,4382	
0,1058	25,1238	
0,1058	25,1238	
0,1058	25,1238	
0,1058	25,1238	
0,1058	25,1238	
0,1058	25,1238	
0,1058	25,1229	
0,1058	25,1229	
0,1058	25,1229	
0,1058	25,1229	
0,1058	25,1229	
0,1057	25,1217	
0,1057	25,1217	
0,1057	25,1217	
0,1057	25,1217	
0,1055	25,1201	
0,1055	25,1201	
0,1055	25,1201	
0,1053	25,1179	
0,1053	25,1179	
0,1051	25,115	
0,1544	24,6075	
0,1544	24,6075	
0,1544	24,6075	
0,1544	24,6075	
0,1544	24,6075	
0,1544	24,6075	
0,1544	24,6067	
0,1544	24,6067	
0,1544	24,6067	
0,1544	24,6067	
0,1544	24,6067	
0,1543	24,6057	
0,1543	24,6057	
0,1543	24,6057	
0,1543	24,6057	
0,1541	24,6043	
0,1541	24,6043	
0,1541	24,6043	
0,1539	24,6024	
0,1539	24,6024	
0,1537	24,5999	
0,028	25,0263	
0,0211	25,2851	
0,0211	25,2851	
0,0209	25,2808	
0,0233	25,4763	
0,0233	25,4763	
0,0233	25,4763	
0,0232	25,473	
0,0232	25,473	
0,023	25,4689	
0,0276	25,6054	
0,0276	25,6054	
0,0276	25,6054	
0,0276	25,6054	
0,0275	25,6029	
0,0275	25,6029	
0,0275	25,6029	
0,0273	25,5998	
0,0273	25,5998	
0,0271	25,5958	
0,0351	25,6656	
0,0351	25,6656	
0,0351	25,6656	
0,0351	25,6656	
0,0351	25,6656	
0,035	25,6638	
0,035	25,6638	
0,035	25,6638	
0,035	25,6638	
0,0348	25,6615	
0,0348	25,6615	
0,0348	25,6615	
0,0347	25,6585	
0,0347	25,6585	
0,0344	25,6545	
0,047	25,6437	
0,047	25,6437	
0,047	25,6437	
0,047	25,6437	
0,047	25,6437	
0,047	25,6437	
0,0469	25,6424	
0,0469	25,6424	
0,0469	25,6424	
0,0469	25,6424	
0,0469	25,6424	
0,0468	25,6408	
0,0468	25,6408	
0,0468	25,6408	
0,0468	25,6408	
0,0467	25,6386	
0,0467	25,6386	
0,0467	25,6386	
0,0465	25,6357	
0,0465	25,6357	
0,0463	25,632	
0,0651	25,5175	
0,0651	25,5175	
0,0651	25,5175	
0,0651	25,5175	
0,0651	25,5175	
0,0651	25,5175	
0,065	25,5164	
0,065	25,5164	
0,065	25,5164	
0,065	25,5164	
0,065	25,5164	
0,0649	25,5149	
0,0649	25,5149	
0,0649	25,5149	
0,0649	25,5149	
0,0648	25,5128	
0,0648	25,5128	
0,0648	25,5128	
0,0646	25,5101	
0,0646	25,5101	
0,0644	25,5065	
0,0968	25,2525	
0,0968	25,2525	
0,0968	25,2525	
0,0968	25,2525	
0,0968	25,2525	
0,0968	25,2525	
0,0967	25,2515	
0,0967	25,2515	
0,0967	25,2515	
0,0967	25,2515	
0,0967	25,2515	
0,0966	25,2501	
0,0966	25,2501	
0,0966	25,2501	
0,0966	25,2501	
0,0964	25,2483	
0,0964	25,2483	
0,0964	25,2483	
0,0962	25,2458	
0,0962	25,2458	
0,0959	25,2425	
0,0179	24,8992	
0,0187	25,1749	
0,0187	25,1749	
0,0185	25,1702	
0,0207	25,3906	
0,0207	25,3906	
0,0207	25,3906	
0,0205	25,387	
0,0205	25,387	
0,0203	25,3826	
0,0244	25,5454	
0,0244	25,5454	
0,0244	25,5454	
0,0244	25,5454	
0,0243	25,5426	
0,0243	25,5426	
0,0243	25,5426	
0,0241	25,5393	
0,0241	25,5393	
0,0239	25,5349	
0,0309	25,6343	
0,0309	25,6343	
0,0309	25,6343	
0,0309	25,6343	
0,0309	25,6343	
0,0307	25,6323	
0,0307	25,6323	
0,0307	25,6323	
0,0307	25,6323	
0,0306	25,6298	
0,0306	25,6298	
0,0306	25,6298	
0,0304	25,6265	
0,0304	25,6265	
0,0302	25,6221	
0,0413	25,6467	
0,0413	25,6467	
0,0413	25,6467	
0,0413	25,6467	
0,0413	25,6467	
0,0413	25,6467	
0,0412	25,6453	
0,0412	25,6453	
0,0412	25,6453	
0,0412	25,6453	
0,0412	25,6453	
0,0411	25,6435	
0,0411	25,6435	
0,0411	25,6435	
0,0411	25,6435	
0,0409	25,6411	
0,0409	25,6411	
0,0409	25,6411	
0,0407	25,6379	
0,0407	25,6379	
0,0405	25,6338	
0,0573	25,5635	
0,0573	25,5635	
0,0573	25,5635	
0,0573	25,5635	
0,0573	25,5635	
0,0573	25,5635	
0,0572	25,5623	
0,0572	25,5623	
0,0572	25,5623	
0,0572	25,5623	
0,0572	25,5623	
0,0571	25,5606	
0,0571	25,5606	
0,0571	25,5606	
0,0571	25,5606	
0,0569	25,5583	
0,0569	25,5583	
0,0569	25,5583	
0,0567	25,5553	
0,0567	25,5553	
0,0564	25,5513	
0,0153	24,7405	
0,0161	25,0429	
0,0161	25,0429	
0,0158	25,0377	
0,0178	25,2848	
0,0178	25,2848	
0,0178	25,2848	
0,0176	25,2809	
0,0176	25,2809	
0,0174	25,2761	
0,0211	25,4664	
0,0211	25,4664	
0,0211	25,4664	
0,0211	25,4664	
0,0209	25,4634	
0,0209	25,4634	
0,0209	25,4634	
0,0207	25,4597	
0,0207	25,4597	
0,0204	25,4549	
0,0266	25,5843	
0,0266	25,5843	
0,0266	25,5843	
0,0266	25,5843	
0,0266	25,5843	
0,0265	25,5821	
0,0265	25,5821	
0,0265	25,5821	
0,0265	25,5821	
0,0263	25,5794	
0,0263	25,5794	
0,0263	25,5794	
0,0261	25,5758	
0,0261	25,5758	
0,0258	25,571	
0,0356	25,6305	
0,0356	25,6305	
0,0356	25,6305	
0,0356	25,6305	
0,0356	25,6305	
0,0356	25,6305	
0,0355	25,6289	
0,0355	25,6289	
0,0355	25,6289	
0,0355	25,6289	
0,0355	25,6289	
0,0354	25,627	
0,0354	25,627	
0,0354	25,627	
0,0354	25,627	
0,0352	25,6243	
0,0352	25,6243	
0,0352	25,6243	
0,035	25,6207	
0,035	25,6207	
0,0347	25,6162	
0,0123	24,5598	
0,0131	24,8903	
0,0131	24,8903	
0,0128	24,8847	
0,0147	25,1596	
0,0147	25,1596	
0,0147	25,1596	
0,0145	25,1553	
0,0145	25,1553	
0,0142	25,15	
0,0176	25,3685	
0,0176	25,3685	
0,0176	25,3685	
0,0176	25,3685	
0,0174	25,3652	
0,0174	25,3652	
0,0174	25,3652	
0,0172	25,3612	
0,0172	25,3612	
0,0169	25,3559	
0,0224	25,5153	
0,0224	25,5153	
0,0224	25,5153	
0,0224	25,5153	
0,0224	25,5153	
0,0222	25,5128	
0,0222	25,5128	
0,0222	25,5128	
0,0222	25,5128	
0,022	25,5098	
0,022	25,5098	
0,022	25,5098	
0,0218	25,5058	
0,0218	25,5058	
0,0215	25,5005	
0,009	24,3645	
0,0099	24,7231	
0,0099	24,7231	
0,0096	24,7171	
0,0115	25,0197	
0,0115	25,0197	
0,0115	25,0197	
0,0113	25,015	
0,0113	25,015	
0,011	25,0093	
0,0141	25,2555	
0,0141	25,2555	
0,0141	25,2555	
0,0141	25,2555	
0,0139	25,2519	
0,0139	25,2519	
0,0139	25,2519	
0,0136	25,2476	
0,0136	25,2476	
0,0133	25,2418	
0,0051	24,1391	
0,0062	24,5279	
0,0062	24,5279	
0,0059	24,5214	
0,0079	24,8537	
0,0079	24,8537	
0,0079	24,8537	
0,0076	24,8486	
0,0076	24,8486	
0,0072	24,8424	
0,0007	23,8876	
0,002	24,3076	
0,002	24,3076	
0,0017	24,3006	
2,5623	23,6009	
0,0502	25,3956	
0,0397	25,6484	
0,0397	25,6484	
0,0387	25,6449	
0,0326	25,8358	
0,0326	25,8358	
0,0326	25,8358	
0,0318	25,8331	
0,0318	25,8331	
0,031	25,8297	
0,0355	25,9476	
0,0355	25,9476	
0,0355	25,9476	
0,0355	25,9476	
0,0354	25,9452	
0,0354	25,9452	
0,0354	25,9452	
0,0352	25,9422	
0,0352	25,9422	
0,035	25,9382	
0,0448	25,9789	
0,0448	25,9789	
0,0448	25,9789	
0,0448	25,9789	
0,0448	25,9789	
0,0447	25,9772	
0,0447	25,9772	
0,0447	25,9772	
0,0447	25,9772	
0,0446	25,975	
0,0446	25,975	
0,0446	25,975	
0,0444	25,972	
0,0444	25,972	
0,0442	25,9682	
0,0593	25,9148	
0,0593	25,9148	
0,0593	25,9148	
0,0593	25,9148	
0,0593	25,9148	
0,0593	25,9148	
0,0593	25,9136	
0,0593	25,9136	
0,0593	25,9136	
0,0593	25,9136	
0,0593	25,9136	
0,0592	25,912	
0,0592	25,912	
0,0592	25,912	
0,0592	25,912	
0,059	25,9099	
0,059	25,9099	
0,059	25,9099	
0,0588	25,9071	
0,0588	25,9071	
0,0586	25,9036	
0,0808	25,7284	
0,0808	25,7284	
0,0808	25,7284	
0,0808	25,7284	
0,0808	25,7284	
0,0808	25,7284	
0,0808	25,7273	
0,0808	25,7273	
0,0808	25,7273	
0,0808	25,7273	
0,0808	25,7273	
0,0806	25,7259	
0,0806	25,7259	
0,0806	25,7259	
0,0806	25,7259	
0,0805	25,7239	
0,0805	25,7239	
0,0805	25,7239	
0,0803	25,7214	
0,0803	25,7214	
0,0801	25,718	
0,1185	25,3787	
0,1185	25,3787	
0,1185	25,3787	
0,1185	25,3787	
0,1185	25,3787	
0,1185	25,3787	
0,1185	25,3778	
0,1185	25,3778	
0,1185	25,3778	
0,1185	25,3778	
0,1185	25,3778	
0,1184	25,3765	
0,1184	25,3765	
0,1184	25,3765	
0,1184	25,3765	
0,1182	25,3748	
0,1182	25,3748	
0,1182	25,3748	
0,118	25,3725	
0,118	25,3725	
0,1177	25,3694	
0,1684	24,832	
0,1684	24,832	
0,1684	24,832	
0,1684	24,832	
0,1684	24,832	
0,1684	24,832	
0,1683	24,8312	
0,1683	24,8312	
0,1683	24,8312	
0,1683	24,8312	
0,1683	24,8312	
0,1682	24,8302	
0,1682	24,8302	
0,1682	24,8302	
0,1682	24,8302	
0,1681	24,8287	
0,1681	24,8287	
0,1681	24,8287	
0,1678	24,8267	
0,1678	24,8267	
0,1675	24,824	
0,2271	24,057	
0,2271	24,057	
0,2271	24,057	
0,2271	24,057	
0,2271	24,057	
0,2271	24,057	
0,227	24,0563	
0,227	24,0563	
0,227	24,0563	
0,227	24,0563	
0,227	24,0563	
0,2269	24,0555	
0,2269	24,0555	
0,2269	24,0555	
0,2269	24,0555	
0,2267	24,0543	
0,2267	24,0543	
0,2267	24,0543	
0,2265	24,0527	
0,2265	24,0527	
0,2262	24,0505	
0,0383	25,2771	
0,0298	25,5533	
0,0298	25,5533	
0,0287	25,5496	
0,0272	25,762	
0,0272	25,762	
0,0272	25,762	
0,0271	25,7584	
0,0271	25,7584	
0,0268	25,7541	
0,032	25,8997	
0,032	25,8997	
0,032	25,8997	
0,032	25,8997	
0,0318	25,897	
0,0318	25,897	
0,0318	25,897	
0,0317	25,8937	
0,0317	25,8937	
0,0314	25,8894	
0,04	25,9638	
0,04	25,9638	
0,04	25,9638	
0,04	25,9638	
0,04	25,9638	
0,0399	25,9618	
0,0399	25,9618	
0,0399	25,9618	
0,0399	25,9618	
0,0398	25,9594	
0,0398	25,9594	
0,0398	25,9594	
0,0396	25,9562	
0,0396	25,9562	
0,0393	25,9519	
0,0528	25,9399	
0,0528	25,9399	
0,0528	25,9399	
0,0528	25,9399	
0,0528	25,9399	
0,0528	25,9399	
0,0527	25,9386	
0,0527	25,9386	
0,0527	25,9386	
0,0527	25,9386	
0,0527	25,9386	
0,0526	25,9368	
0,0526	25,9368	
0,0526	25,9368	
0,0526	25,9368	
0,0525	25,9345	
0,0525	25,9345	
0,0525	25,9345	
0,0523	25,9314	
0,0523	25,9314	
0,052	25,9274	
0,0723	25,8042	
0,0723	25,8042	
0,0723	25,8042	
0,0723	25,8042	
0,0723	25,8042	
0,0723	25,8042	
0,0722	25,803	
0,0722	25,803	
0,0722	25,803	
0,0722	25,803	
0,0722	25,803	
0,0721	25,8014	
0,0721	25,8014	
0,0721	25,8014	
0,0721	25,8014	
0,0719	25,7992	
0,0719	25,7992	
0,0719	25,7992	
0,0717	25,7964	
0,0717	25,7964	
0,0714	25,7926	
0,1095	25,5172	
0,1095	25,5172	
0,1095	25,5172	
0,1095	25,5172	
0,1095	25,5172	
0,1095	25,5172	
0,1094	25,5161	
0,1094	25,5161	
0,1094	25,5161	
0,1094	25,5161	
0,1094	25,5161	
0,1092	25,5146	
0,1092	25,5146	
0,1092	25,5146	
0,1092	25,5146	
0,1091	25,5127	
0,1091	25,5127	
0,1091	25,5127	
0,1088	25,5101	
0,1088	25,5101	
0,1085	25,5066	
0,1593	25,0472	
0,1593	25,0472	
0,1593	25,0472	
0,1593	25,0472	
0,1593	25,0472	
0,1593	25,0472	
0,1592	25,0462	
0,1592	25,0462	
0,1592	25,0462	
0,1592	25,0462	
0,1592	25,0462	
0,159	25,045	
0,159	25,045	
0,159	25,045	
0,159	25,045	
0,1589	25,0433	
0,1589	25,0433	
0,1589	25,0433	
0,1586	25,041	
0,1586	25,041	
0,1582	25,038	
0,0246	25,1476	
0,0222	25,4434	
0,0222	25,4434	
0,0219	25,4384	
0,0245	25,6728	
0,0245	25,6728	
0,0245	25,6728	
0,0242	25,669	
0,0242	25,669	
0,024	25,6643	
0,0286	25,8378	
0,0286	25,8378	
0,0286	25,8378	
0,0286	25,8378	
0,0284	25,8349	
0,0284	25,8349	
0,0284	25,8349	
0,0282	25,8313	
0,0282	25,8313	
0,028	25,8266	
0,0356	25,9325	
0,0356	25,9325	
0,0356	25,9325	
0,0356	25,9325	
0,0356	25,9325	
0,0355	25,9304	
0,0355	25,9304	
0,0355	25,9304	
0,0355	25,9304	
0,0353	25,9277	
0,0353	25,9277	
0,0353	25,9277	
0,0351	25,9242	
0,0351	25,9242	
0,0348	25,9195	
0,0468	25,9454	
0,0468	25,9454	
0,0468	25,9454	
0,0468	25,9454	
0,0468	25,9454	
0,0468	25,9454	
0,0467	25,9439	
0,0467	25,9439	
0,0467	25,9439	
0,0467	25,9439	
0,0467	25,9439	
0,0466	25,9419	
0,0466	25,9419	
0,0466	25,9419	
0,0466	25,9419	
0,0464	25,9394	
0,0464	25,9394	
0,0464	25,9394	
0,0462	25,9359	
0,0462	25,9359	
0,0459	25,9315	
0,0638	25,8558	
0,0638	25,8558	
0,0638	25,8558	
0,0638	25,8558	
0,0638	25,8558	
0,0638	25,8558	
0,0637	25,8545	
0,0637	25,8545	
0,0637	25,8545	
0,0637	25,8545	
0,0637	25,8545	
0,0636	25,8526	
0,0636	25,8526	
0,0636	25,8526	
0,0636	25,8526	
0,0634	25,8502	
0,0634	25,8502	
0,0634	25,8502	
0,0632	25,847	
0,0632	25,847	
0,0629	25,8427	
0,0991	25,6264	
0,0991	25,6264	
0,0991	25,6264	
0,0991	25,6264	
0,0991	25,6264	
0,0991	25,6264	
0,099	25,6252	
0,099	25,6252	
0,099	25,6252	
0,099	25,6252	
0,099	25,6252	
0,0988	25,6235	
0,0988	25,6235	
0,0988	25,6235	
0,0988	25,6235	
0,0986	25,6214	
0,0986	25,6214	
0,0986	25,6214	
0,0984	25,6184	
0,0984	25,6184	
0,098	25,6145	
0,0183	24,9858	
0,0194	25,3059	
0,0194	25,3059	
0,0191	25,3004	
0,0214	25,5629	
0,0214	25,5629	
0,0214	25,5629	
0,0212	25,5587	
0,0212	25,5587	
0,0209	25,5535	
0,025	25,7562	
0,025	25,7562	
0,025	25,7562	
0,025	25,7562	
0,0249	25,753	
0,0249	25,753	
0,0249	25,753	
0,0246	25,7491	
0,0246	25,7491	
0,0244	25,7439	
0,0311	25,8819	
0,0311	25,8819	
0,0311	25,8819	
0,0311	25,8819	
0,0311	25,8819	
0,031	25,8796	
0,031	25,8796	
0,031	25,8796	
0,031	25,8796	
0,0308	25,8767	
0,0308	25,8767	
0,0308	25,8767	
0,0305	25,8728	
0,0305	25,8728	
0,0303	25,8676	
0,0408	25,9309	
0,0408	25,9309	
0,0408	25,9309	
0,0408	25,9309	
0,0408	25,9309	
0,0408	25,9309	
0,0407	25,9292	
0,0407	25,9292	
0,0407	25,9292	
0,0407	25,9292	
0,0407	25,9292	
0,0406	25,9271	
0,0406	25,9271	
0,0406	25,9271	
0,0406	25,9271	
0,0404	25,9242	
0,0404	25,9242	
0,0404	25,9242	
0,0401	25,9204	
0,0401	25,9204	
0,0398	25,9156	
0,0557	25,8856	
0,0557	25,8856	
0,0557	25,8856	
0,0557	25,8856	
0,0557	25,8856	
0,0557	25,8856	
0,0556	25,8842	
0,0556	25,8842	
0,0556	25,8842	
0,0556	25,8842	
0,0556	25,8842	
0,0555	25,8821	
0,0555	25,8821	
0,0555	25,8821	
0,0555	25,8821	
0,0553	25,8794	
0,0553	25,8794	
0,0553	25,8794	
0,055	25,8758	
0,055	25,8758	
0,0547	25,8711	
0,0151	24,7968	
0,0162	25,1462	
0,0162	25,1462	
0,0159	25,1403	
0,0182	25,432	
0,0182	25,432	
0,0182	25,432	
0,0179	25,4274	
0,0179	25,4274	
0,0176	25,4218	
0,0214	25,6544	
0,0214	25,6544	
0,0214	25,6544	
0,0214	25,6544	
0,0212	25,6509	
0,0212	25,6509	
0,0212	25,6509	
0,0209	25,6466	
0,0209	25,6466	
0,0206	25,641	
0,0266	25,811	
0,0266	25,811	
0,0266	25,811	
0,0266	25,811	
0,0266	25,811	
0,0265	25,8084	
0,0265	25,8084	
0,0265	25,8084	
0,0265	25,8084	
0,0263	25,8052	
0,0263	25,8052	
0,0263	25,8052	
0,026	25,8009	
0,026	25,8009	
0,0257	25,7952	
0,035	25,8948	
0,035	25,8948	
0,035	25,8948	
0,035	25,8948	
0,035	25,8948	
0,035	25,8948	
0,0349	25,893	
0,0349	25,893	
0,0349	25,893	
0,0349	25,893	
0,0349	25,893	
0,0347	25,8906	
0,0347	25,8906	
0,0347	25,8906	
0,0347	25,8906	
0,0345	25,8874	
0,0345	25,8874	
0,0345	25,8874	
0,0343	25,8832	
0,0343	25,8832	
0,0339	25,8778	
0,0116	24,5922	
0,0129	24,9709	
0,0129	24,9709	
0,0125	24,9645	
0,0148	25,2854	
0,0148	25,2854	
0,0148	25,2854	
0,0145	25,2804	
0,0145	25,2804	
0,0141	25,2744	
0,0177	25,5365	
0,0177	25,5365	
0,0177	25,5365	
0,0177	25,5365	
0,0175	25,5327	
0,0175	25,5327	
0,0175	25,5327	
0,0172	25,528	
0,0172	25,528	
0,0168	25,5218	
0,0223	25,7227	
0,0223	25,7227	
0,0223	25,7227	
0,0223	25,7227	
0,0223	25,7227	
0,0221	25,7198	
0,0221	25,7198	
0,0221	25,7198	
0,0221	25,7198	
0,0219	25,7163	
0,0219	25,7163	
0,0219	25,7163	
0,0216	25,7116	
0,0216	25,7116	
0,0213	25,7054	
0,0075	24,3573	
0,009	24,7672	
0,009	24,7672	
0,0086	24,7604	
0,0109	25,1123	
0,0109	25,1123	
0,0109	25,1123	
0,0106	25,1069	
0,0106	25,1069	
0,0102	25,1004	
0,0137	25,3935	
0,0137	25,3935	
0,0137	25,3935	
0,0137	25,3935	
0,0134	25,3894	
0,0134	25,3894	
0,0134	25,3894	
0,0131	25,3843	
0,0131	25,3843	
0,0127	25,3775	
0,0029	24,0952	
0,0046	24,5374	
0,0046	24,5374	
0,0042	24,53	
0,0066	24,9141	
0,0066	24,9141	
0,0066	24,9141	
0,0063	24,9083	
0,0063	24,9083	
0,0059	24,9011	
2,5627	23,8023	
2,4058	24,2793	
2,4058	24,2793	
2,4089	24,271	
2,9951	23,4495	
0,1341	25,5161	
0,0536	25,8507	
0,0536	25,8507	
0,0525	25,847	
0,0468	26,0469	
0,0468	26,0469	
0,0468	26,0469	
0,0459	26,0442	
0,0459	26,0442	
0,0451	26,0406	
0,0446	26,1699	
0,0446	26,1699	
0,0446	26,1699	
0,0446	26,1699	
0,0439	26,1678	
0,0439	26,1678	
0,0439	26,1678	
0,0432	26,1652	
0,0432	26,1652	
0,0424	26,1616	
0,0514	26,2055	
0,0514	26,2055	
0,0514	26,2055	
0,0514	26,2055	
0,0514	26,2055	
0,0513	26,2036	
0,0513	26,2036	
0,0513	26,2036	
0,0513	26,2036	
0,0512	26,2013	
0,0512	26,2013	
0,0512	26,2013	
0,051	26,1982	
0,051	26,1982	
0,0508	26,1942	
0,0667	26,1376	
0,0667	26,1376	
0,0667	26,1376	
0,0667	26,1376	
0,0667	26,1376	
0,0667	26,1376	
0,0666	26,1363	
0,0666	26,1363	
0,0666	26,1363	
0,0666	26,1363	
0,0666	26,1363	
0,0665	26,1347	
0,0665	26,1347	
0,0665	26,1347	
0,0665	26,1347	
0,0663	26,1325	
0,0663	26,1325	
0,0663	26,1325	
0,0662	26,1295	
0,0662	26,1295	
0,0659	26,1258	
0,0932	25,9369	
0,0932	25,9369	
0,0932	25,9369	
0,0932	25,9369	
0,0932	25,9369	
0,0932	25,9369	
0,0931	25,9358	
0,0931	25,9358	
0,0931	25,9358	
0,0931	25,9358	
0,0931	25,9358	
0,093	25,9342	
0,093	25,9342	
0,093	25,9342	
0,093	25,9342	
0,0929	25,9322	
0,0929	25,9322	
0,0929	25,9322	
0,0927	25,9295	
0,0927	25,9295	
0,0924	25,926	
0,1323	25,5695	
0,1323	25,5695	
0,1323	25,5695	
0,1323	25,5695	
0,1323	25,5695	
0,1323	25,5695	
0,1322	25,5685	
0,1322	25,5685	
0,1322	25,5685	
0,1322	25,5685	
0,1322	25,5685	
0,1321	25,5672	
0,1321	25,5672	
0,1321	25,5672	
0,1321	25,5672	
0,132	25,5654	
0,132	25,5654	
0,132	25,5654	
0,1317	25,563	
0,1317	25,563	
0,1314	25,5598	
0,1826	24,999	
0,1826	24,999	
0,1826	24,999	
0,1826	24,999	
0,1826	24,999	
0,1826	24,999	
0,1825	24,9981	
0,1825	24,9981	
0,1825	24,9981	
0,1825	24,9981	
0,1825	24,9981	
0,1824	24,997	
0,1824	24,997	
0,1824	24,997	
0,1824	24,997	
0,1822	24,9955	
0,1822	24,9955	
0,1822	24,9955	
0,182	24,9934	
0,182	24,9934	
0,1817	24,9907	
0,241	24,1951	
0,241	24,1951	
0,241	24,1951	
0,241	24,1951	
0,241	24,1951	
0,241	24,1951	
0,2409	24,1944	
0,2409	24,1944	
0,2409	24,1944	
0,2409	24,1944	
0,2409	24,1944	
0,2408	24,1935	
0,2408	24,1935	
0,2408	24,1935	
0,2408	24,1935	
0,2406	24,1923	
0,2406	24,1923	
0,2406	24,1923	
0,2404	24,1906	
0,2404	24,1906	
0,2401	24,1884	
0,3016	23,146	
0,3016	23,146	
0,3016	23,146	
0,3016	23,146	
0,3016	23,146	
0,3016	23,146	
0,3015	23,1455	
0,3015	23,1455	
0,3015	23,1455	
0,3015	23,1455	
0,3015	23,1455	
0,3014	23,1448	
0,3014	23,1448	
0,3014	23,1448	
0,3014	23,1448	
0,3013	23,1439	
0,3013	23,1439	
0,3013	23,1439	
0,3011	23,1426	
0,3011	23,1426	
0,3008	23,1408	
0,0513	25,4636	
0,0432	25,7522	
0,0432	25,7522	
0,042	25,7482	
0,0382	25,9737	
0,0382	25,9737	
0,0382	25,9737	
0,0372	25,9707	
0,0372	25,9707	
0,0362	25,9669	
0,0379	26,1238	
0,0379	26,1238	
0,0379	26,1238	
0,0379	26,1238	
0,0377	26,121	
0,0377	26,121	
0,0377	26,121	
0,0375	26,1175	
0,0375	26,1175	
0,0373	26,1129	
0,0465	26,191	
0,0465	26,191	
0,0465	26,191	
0,0465	26,191	
0,0465	26,191	
0,0463	26,189	
0,0463	26,189	
0,0463	26,189	
0,0463	26,189	
0,0462	26,1864	
0,0462	26,1864	
0,0462	26,1864	
0,046	26,183	
0,046	26,183	
0,0457	26,1785	
0,06	26,1656	
0,06	26,1656	
0,06	26,1656	
0,06	26,1656	
0,06	26,1656	
0,06	26,1656	
0,0598	26,1641	
0,0598	26,1641	
0,0598	26,1641	
0,0598	26,1641	
0,0598	26,1641	
0,0597	26,1623	
0,0597	26,1623	
0,0597	26,1623	
0,0597	26,1623	
0,0596	26,1598	
0,0596	26,1598	
0,0596	26,1598	
0,0593	26,1566	
0,0593	26,1566	
0,0591	26,1524	
0,0852	26,0173	
0,0852	26,0173	
0,0852	26,0173	
0,0852	26,0173	
0,0852	26,0173	
0,0852	26,0173	
0,0851	26,0161	
0,0851	26,0161	
0,0851	26,0161	
0,0851	26,0161	
0,0851	26,0161	
0,0849	26,0144	
0,0849	26,0144	
0,0849	26,0144	
0,0849	26,0144	
0,0848	26,0121	
0,0848	26,0121	
0,0848	26,0121	
0,0845	26,0091	
0,0845	26,0091	
0,0842	26,0052	
0,1234	25,7157	
0,1234	25,7157	
0,1234	25,7157	
0,1234	25,7157	
0,1234	25,7157	
0,1234	25,7157	
0,1233	25,7146	
0,1233	25,7146	
0,1233	25,7146	
0,1233	25,7146	
0,1233	25,7146	
0,1232	25,7131	
0,1232	25,7131	
0,1232	25,7131	
0,1232	25,7131	
0,123	25,7111	
0,123	25,7111	
0,123	25,7111	
0,1227	25,7083	
0,1227	25,7083	
0,1223	25,7047	
0,174	25,2242	
0,174	25,2242	
0,174	25,2242	
0,174	25,2242	
0,174	25,2242	
0,174	25,2242	
0,1739	25,2232	
0,1739	25,2232	
0,1739	25,2232	
0,1739	25,2232	
0,1739	25,2232	
0,1737	25,2219	
0,1737	25,2219	
0,1737	25,2219	
0,1737	25,2219	
0,1735	25,2202	
0,1735	25,2202	
0,1735	25,2202	
0,1732	25,2178	
0,1732	25,2178	
0,1729	25,2146	
0,2347	24,5084	
0,2347	24,5084	
0,2347	24,5084	
0,2347	24,5084	
0,2347	24,5084	
0,2347	24,5084	
0,2346	24,5077	
0,2346	24,5077	
0,2346	24,5077	
0,2346	24,5077	
0,2346	24,5077	
0,2345	24,5066	
0,2345	24,5066	
0,2345	24,5066	
0,2345	24,5066	
0,2343	24,5051	
0,2343	24,5051	
0,2343	24,5051	
0,234	24,5032	
0,234	24,5032	
0,2337	24,5006	
0,037	25,3301	
0,031	25,643	
0,031	25,643	
0,0297	25,6388	
0,0297	25,8873	
0,0297	25,8873	
0,0297	25,8873	
0,0295	25,8833	
0,0295	25,8833	
0,0292	25,8783	
0,0343	26,0605	
0,0343	26,0605	
0,0343	26,0605	
0,0343	26,0605	
0,0341	26,0574	
0,0341	26,0574	
0,0341	26,0574	
0,0339	26,0536	
0,0339	26,0536	
0,0336	26,0487	
0,0418	26,1599	
0,0418	26,1599	
0,0418	26,1599	
0,0418	26,1599	
0,0418	26,1599	
0,0417	26,1576	
0,0417	26,1576	
0,0417	26,1576	
0,0417	26,1576	
0,0415	26,1548	
0,0415	26,1548	
0,0415	26,1548	
0,0413	26,1511	
0,0413	26,1511	
0,041	26,1462	
0,0537	26,173	
0,0537	26,173	
0,0537	26,173	
0,0537	26,173	
0,0537	26,173	
0,0537	26,173	
0,0536	26,1714	
0,0536	26,1714	
0,0536	26,1714	
0,0536	26,1714	
0,0536	26,1714	
0,0534	26,1694	
0,0534	26,1694	
0,0534	26,1694	
0,0534	26,1694	
0,0533	26,1667	
0,0533	26,1667	
0,0533	26,1667	
0,053	26,1631	
0,053	26,1631	
0,0528	26,1585	
0,0763	26,0734	
0,0763	26,0734	
0,0763	26,0734	
0,0763	26,0734	
0,0763	26,0734	
0,0763	26,0734	
0,0762	26,072	
0,0762	26,072	
0,0762	26,072	
0,0762	26,072	
0,0762	26,072	
0,076	26,0701	
0,076	26,0701	
0,076	26,0701	
0,076	26,0701	
0,0758	26,0675	
0,0758	26,0675	
0,0758	26,0675	
0,0755	26,0643	
0,0755	26,0643	
0,0752	26,0599	
0,1153	25,8294	
0,1153	25,8294	
0,1153	25,8294	
0,1153	25,8294	
0,1153	25,8294	
0,1153	25,8294	
0,1149	25,8284	
0,1149	25,8284	
0,1149	25,8284	
0,1149	25,8284	
0,1149	25,8284	
0,1145	25,8269	
0,1145	25,8269	
0,1145	25,8269	
0,1145	25,8269	
0,114	25,8249	
0,114	25,8249	
0,114	25,8249	
0,1134	25,8221	
0,1134	25,8221	
0,1127	25,8183	
0,1704	25,4056	
0,1704	25,4056	
0,1704	25,4056	
0,1704	25,4056	
0,1704	25,4056	
0,1704	25,4056	
0,1701	25,4047	
0,1701	25,4047	
0,1701	25,4047	
0,1701	25,4047	
0,1701	25,4047	
0,1698	25,4034	
0,1698	25,4034	
0,1698	25,4034	
0,1698	25,4034	
0,1694	25,4015	
0,1694	25,4015	
0,1694	25,4015	
0,1688	25,399	
0,1688	25,399	
0,1682	25,3956	
0,0226	25,171	
0,0241	25,5051	
0,0241	25,5051	
0,0238	25,4994	
0,0265	25,7741	
0,0265	25,7741	
0,0265	25,7741	
0,0263	25,7697	
0,0263	25,7697	
0,026	25,7643	
0,0306	25,9769	
0,0306	25,9769	
0,0306	25,9769	
0,0306	25,9769	
0,0304	25,9736	
0,0304	25,9736	
0,0304	25,9736	
0,0301	25,9695	
0,0301	25,9695	
0,0298	25,964	
0,0371	26,1089	
0,0371	26,1089	
0,0371	26,1089	
0,0371	26,1089	
0,0371	26,1089	
0,037	26,1064	
0,037	26,1064	
0,037	26,1064	
0,037	26,1064	
0,0368	26,1034	
0,0368	26,1034	
0,0368	26,1034	
0,0365	26,0993	
0,0365	26,0993	
0,0362	26,0938	
0,0475	26,16	
0,0475	26,16	
0,0475	26,16	
0,0475	26,16	
0,0475	26,16	
0,0475	26,16	
0,0474	26,1583	
0,0474	26,1583	
0,0474	26,1583	
0,0474	26,1583	
0,0474	26,1583	
0,0472	26,1561	
0,0472	26,1561	
0,0472	26,1561	
0,0472	26,1561	
0,047	26,1531	
0,047	26,1531	
0,047	26,1531	
0,0467	26,149	
0,0467	26,149	
0,0464	26,1439	
0,0664	26,1086	
0,0664	26,1086	
0,0664	26,1086	
0,0664	26,1086	
0,0664	26,1086	
0,0664	26,1086	
0,066	26,1073	
0,066	26,1073	
0,066	26,1073	
0,066	26,1073	
0,066	26,1073	
0,0658	26,1052	
0,0658	26,1052	
0,0658	26,1052	
0,0658	26,1052	
0,0656	26,1023	
0,0656	26,1023	
0,0656	26,1023	
0,0652	26,0987	
0,0652	26,0987	
0,0648	26,0938	
0,1068	25,9192	
0,1068	25,9192	
0,1068	25,9192	
0,1068	25,9192	
0,1068	25,9192	
0,1068	25,9192	
0,1064	25,9181	
0,1064	25,9181	
0,1064	25,9181	
0,1064	25,9181	
0,1064	25,9181	
0,1059	25,9165	
0,1059	25,9165	
0,1059	25,9165	
0,1059	25,9165	
0,1053	25,9142	
0,1053	25,9142	
0,1053	25,9142	
0,1046	25,9111	
0,1046	25,9111	
0,1037	25,9068	
0,0192	24,9756	
0,0207	25,3398	
0,0207	25,3398	
0,0204	25,3337	
0,023	25,6388	
0,023	25,6388	
0,023	25,6388	
0,0228	25,634	
0,0228	25,634	
0,0225	25,6282	
0,0267	25,8721	
0,0267	25,8721	
0,0267	25,8721	
0,0267	25,8721	
0,0265	25,8684	
0,0265	25,8684	
0,0265	25,8684	
0,0262	25,8639	
0,0262	25,8639	
0,0259	25,858	
0,0325	26,0366	
0,0325	26,0366	
0,0325	26,0366	
0,0325	26,0366	
0,0325	26,0366	
0,0323	26,0339	
0,0323	26,0339	
0,0323	26,0339	
0,0323	26,0339	
0,0321	26,0305	
0,0321	26,0305	
0,0321	26,0305	
0,0318	26,026	
0,0318	26,026	
0,0314	26,02	
0,0414	26,1246	
0,0414	26,1246	
0,0414	26,1246	
0,0414	26,1246	
0,0414	26,1246	
0,0414	26,1246	
0,0413	26,1227	
0,0413	26,1227	
0,0413	26,1227	
0,0413	26,1227	
0,0413	26,1227	
0,0411	26,1202	
0,0411	26,1202	
0,0411	26,1202	
0,0411	26,1202	
0,0409	26,1169	
0,0409	26,1169	
0,0409	26,1169	
0,0406	26,1124	
0,0406	26,1124	
0,0402	26,1067	
0,0551	26,1206	
0,0551	26,1206	
0,0551	26,1206	
0,0551	26,1206	
0,0551	26,1206	
0,0551	26,1206	
0,0549	26,1189	
0,0549	26,1189	
0,0549	26,1189	
0,0549	26,1189	
0,0549	26,1189	
0,0547	26,1165	
0,0547	26,1165	
0,0547	26,1165	
0,0547	26,1165	
0,0545	26,1132	
0,0545	26,1132	
0,0545	26,1132	
0,0542	26,109	
0,0542	26,109	
0,0538	26,1034	
0,0154	24,7636	
0,0171	25,1581	
0,0171	25,1581	
0,0167	25,1516	
0,0194	25,487	
0,0194	25,487	
0,0194	25,487	
0,0191	25,4818	
0,0191	25,4818	
0,0188	25,4755	
0,0228	25,7503	
0,0228	25,7503	
0,0228	25,7503	
0,0228	25,7503	
0,0225	25,7463	
0,0225	25,7463	
0,0225	25,7463	
0,0222	25,7414	
0,0222	25,7414	
0,0219	25,7349	
0,0279	25,9461	
0,0279	25,9461	
0,0279	25,9461	
0,0279	25,9461	
0,0279	25,9461	
0,0277	25,9431	
0,0277	25,9431	
0,0277	25,9431	
0,0277	25,9431	
0,0275	25,9394	
0,0275	25,9394	
0,0275	25,9394	
0,0272	25,9344	
0,0272	25,9344	
0,0268	25,9279	
0,0358	26,0684	
0,0358	26,0684	
0,0358	26,0684	
0,0358	26,0684	
0,0358	26,0684	
0,0358	26,0684	
0,0356	26,0663	
0,0356	26,0663	
0,0356	26,0663	
0,0356	26,0663	
0,0356	26,0663	
0,0354	26,0636	
0,0354	26,0636	
0,0354	26,0636	
0,0354	26,0636	
0,0352	26,0599	
0,0352	26,0599	
0,0352	26,0599	
0,0349	26,0549	
0,0349	26,0549	
0,0345	26,0486	
0,0111	24,5214	
0,013	24,948	
0,013	24,948	
0,0126	24,9409	
0,0153	25,3085	
0,0153	25,3085	
0,0153	25,3085	
0,015	25,3029	
0,015	25,3029	
0,0146	25,296	
0,0186	25,6032	
0,0186	25,6032	
0,0186	25,6032	
0,0186	25,6032	
0,0183	25,5989	
0,0183	25,5989	
0,0183	25,5989	
0,018	25,5935	
0,018	25,5935	
0,0175	25,5864	
0,0232	25,8311	
0,0232	25,8311	
0,0232	25,8311	
0,0232	25,8311	
0,0232	25,8311	
0,023	25,8278	
0,023	25,8278	
0,023	25,8278	
0,023	25,8278	
0,0227	25,8237	
0,0227	25,8237	
0,0227	25,8237	
0,0223	25,8182	
0,0223	25,8182	
0,0219	25,811	
0,0063	24,2514	
0,0084	24,711	
0,0084	24,711	
0,0079	24,7033	
0,0108	25,1042	
0,0108	25,1042	
0,0108	25,1042	
0,0105	25,0981	
0,0105	25,0981	
0,01	25,0906	
0,014	25,4312	
0,014	25,4312	
0,014	25,4312	
0,014	25,4312	
0,0137	25,4265	
0,0137	25,4265	
0,0137	25,4265	
0,0133	25,4206	
0,0133	25,4206	
0,0128	25,4129	
0,0008	23,9544	
0,0032	24,4475	
0,0032	24,4475	
0,0027	24,4393	
0,0058	24,874	
0,0058	24,874	
0,0058	24,874	
0,0054	24,8674	
0,0054	24,8674	
0,0049	24,8594	
2,9694	23,6043	
2,7496	24,1355	
2,7496	24,1355	
2,7538	24,1262	
3,3974	23,2452	
0,2663	25,5223	
0,0749	25,9759	
0,0749	25,9759	
0,0781	25,9678	
0,0664	26,1803	
0,0664	26,1803	
0,0664	26,1803	
0,0655	26,1774	
0,0655	26,1774	
0,0646	26,1738	
0,0647	26,3069	
0,0647	26,3069	
0,0647	26,3069	
0,0647	26,3069	
0,064	26,3048	
0,064	26,3048	
0,064	26,3048	
0,0633	26,3021	
0,0633	26,3021	
0,0625	26,2984	
0,0691	26,3464	
0,0691	26,3464	
0,0691	26,3464	
0,0691	26,3464	
0,0691	26,3464	
0,0685	26,3449	
0,0685	26,3449	
0,0685	26,3449	
0,0685	26,3449	
0,0679	26,343	
0,0679	26,343	
0,0679	26,343	
0,0673	26,3402	
0,0673	26,3402	
0,0666	26,3365	
0,0815	26,2791	
0,0815	26,2791	
0,0815	26,2791	
0,0815	26,2791	
0,0815	26,2791	
0,0815	26,2791	
0,0813	26,2779	
0,0813	26,2779	
0,0813	26,2779	
0,0813	26,2779	
0,0813	26,2779	
0,0812	26,2762	
0,0812	26,2762	
0,0812	26,2762	
0,0812	26,2762	
0,081	26,2739	
0,081	26,2739	
0,081	26,2739	
0,0808	26,2709	
0,0808	26,2709	
0,0805	26,267	
0,1093	26,0705	
0,1093	26,0705	
0,1093	26,0705	
0,1093	26,0705	
0,1093	26,0705	
0,1093	26,0705	
0,1092	26,0693	
0,1092	26,0693	
0,1092	26,0693	
0,1092	26,0693	
0,1092	26,0693	
0,1091	26,0677	
0,1091	26,0677	
0,1091	26,0677	
0,1091	26,0677	
0,1089	26,0656	
0,1089	26,0656	
0,1089	26,0656	
0,1087	26,0629	
0,1087	26,0629	
0,1084	26,0592	
0,1483	25,6916	
0,1483	25,6916	
0,1483	25,6916	
0,1483	25,6916	
0,1483	25,6916	
0,1483	25,6916	
0,1482	25,6906	
0,1482	25,6906	
0,1482	25,6906	
0,1482	25,6906	
0,1482	25,6906	
0,1481	25,6892	
0,1481	25,6892	
0,1481	25,6892	
0,1481	25,6892	
0,148	25,6873	
0,148	25,6873	
0,148	25,6873	
0,1477	25,6849	
0,1477	25,6849	
0,1474	25,6816	
0,198	25,1051	
0,198	25,1051	
0,198	25,1051	
0,198	25,1051	
0,198	25,1051	
0,198	25,1051	
0,1979	25,1043	
0,1979	25,1043	
0,1979	25,1043	
0,1979	25,1043	
0,1979	25,1043	
0,1978	25,1031	
0,1978	25,1031	
0,1978	25,1031	
0,1978	25,1031	
0,1976	25,1015	
0,1976	25,1015	
0,1976	25,1015	
0,1974	25,0994	
0,1974	25,0994	
0,1971	25,0966	
0,2551	24,2822	
0,2551	24,2822	
0,2551	24,2822	
0,2551	24,2822	
0,2551	24,2822	
0,2551	24,2822	
0,255	24,2815	
0,255	24,2815	
0,255	24,2815	
0,255	24,2815	
0,255	24,2815	
0,2549	24,2806	
0,2549	24,2806	
0,2549	24,2806	
0,2549	24,2806	
0,2547	24,2793	
0,2547	24,2793	
0,2547	24,2793	
0,2545	24,2777	
0,2545	24,2777	
0,2542	24,2754	
0,3137	23,2132	
0,3137	23,2132	
0,3137	23,2132	
0,3137	23,2132	
0,3137	23,2132	
0,3137	23,2132	
0,3137	23,2127	
0,3137	23,2127	
0,3137	23,2127	
0,3137	23,2127	
0,3137	23,2127	
0,3136	23,212	
0,3136	23,212	
0,3136	23,212	
0,3136	23,212	
0,3134	23,211	
0,3134	23,211	
0,3134	23,211	
0,3132	23,2098	
0,3132	23,2098	
0,3129	23,2079	
0,3678	21,9122	
0,3678	21,9122	
0,3678	21,9122	
0,3678	21,9122	
0,3678	21,9122	
0,3678	21,9122	
0,3677	21,9119	
0,3677	21,9119	
0,3677	21,9119	
0,3677	21,9119	
0,3677	21,9119	
0,3676	21,9114	
0,3676	21,9114	
0,3676	21,9114	
0,3676	21,9114	
0,3675	21,9108	
0,3675	21,9108	
0,3675	21,9108	
0,3673	21,9098	
0,3673	21,9098	
0,0689	25,5812	
0,0617	25,8777	
0,0617	25,8777	
0,0605	25,8736	
0,0575	26,1056	
0,0575	26,1056	
0,0575	26,1056	
0,0565	26,1026	
0,0565	26,1026	
0,0554	26,0986	
0,0575	26,2606	
0,0575	26,2606	
0,0575	26,2606	
0,0575	26,2606	
0,0567	26,2583	
0,0567	26,2583	
0,0567	26,2583	
0,0559	26,2554	
0,0559	26,2554	
0,0549	26,2513	
0,0635	26,333	
0,0635	26,333	
0,0635	26,333	
0,0635	26,333	
0,0635	26,333	
0,0629	26,3314	
0,0629	26,3314	
0,0629	26,3314	
0,0629	26,3314	
0,0622	26,3292	
0,0622	26,3292	
0,0622	26,3292	
0,0615	26,3263	
0,0615	26,3263	
0,0607	26,3222	
0,0778	26,3061	
0,0778	26,3061	
0,0778	26,3061	
0,0778	26,3061	
0,0778	26,3061	
0,0778	26,3061	
0,0773	26,305	
0,0773	26,305	
0,0773	26,305	
0,0773	26,305	
0,0773	26,305	
0,0767	26,3035	
0,0767	26,3035	
0,0767	26,3035	
0,0767	26,3035	
0,0762	26,3014	
0,0762	26,3014	
0,0762	26,3014	
0,0755	26,2984	
0,0755	26,2984	
0,0748	26,2945	
0,1023	26,1537	
0,1023	26,1537	
0,1023	26,1537	
0,1023	26,1537	
0,1023	26,1537	
0,1023	26,1537	
0,1019	26,1527	
0,1019	26,1527	
0,1019	26,1527	
0,1019	26,1527	
0,1019	26,1527	
0,1014	26,1513	
0,1014	26,1513	
0,1014	26,1513	
0,1014	26,1513	
0,1009	26,1492	
0,1009	26,1492	
0,1009	26,1492	
0,1007	26,1461	
0,1007	26,1461	
0,1003	26,1421	
0,1398	25,8432	
0,1398	25,8432	
0,1398	25,8432	
0,1398	25,8432	
0,1398	25,8432	
0,1398	25,8432	
0,1397	25,8421	
0,1397	25,8421	
0,1397	25,8421	
0,1397	25,8421	
0,1397	25,8421	
0,1395	25,8405	
0,1395	25,8405	
0,1395	25,8405	
0,1395	25,8405	
0,1393	25,8384	
0,1393	25,8384	
0,1393	25,8384	
0,139	25,8356	
0,139	25,8356	
0,1386	25,8318	
0,1905	25,3367	
0,1905	25,3367	
0,1905	25,3367	
0,1905	25,3367	
0,1905	25,3367	
0,1905	25,3367	
0,1903	25,3359	
0,1903	25,3359	
0,1903	25,3359	
0,1903	25,3359	
0,1903	25,3359	
0,19	25,3347	
0,19	25,3347	
0,19	25,3347	
0,19	25,3347	
0,1896	25,3331	
0,1896	25,3331	
0,1896	25,3331	
0,1893	25,3306	
0,1893	25,3306	
0,1889	25,3274	
0,2521	24,6011	
0,2521	24,6011	
0,2521	24,6011	
0,2521	24,6011	
0,2521	24,6011	
0,2521	24,6011	
0,2519	24,6004	
0,2519	24,6004	
0,2519	24,6004	
0,2519	24,6004	
0,2519	24,6004	
0,2516	24,5994	
0,2516	24,5994	
0,2516	24,5994	
0,2516	24,5994	
0,2513	24,598	
0,2513	24,598	
0,2513	24,598	
0,2509	24,5962	
0,2509	24,5962	
0,2504	24,5936	
0,3185	23,6191	
0,3185	23,6191	
0,3185	23,6191	
0,3185	23,6191	
0,3185	23,6191	
0,3185	23,6191	
0,3184	23,6186	
0,3184	23,6186	
0,3184	23,6186	
0,3184	23,6186	
0,3184	23,6186	
0,3182	23,6178	
0,3182	23,6178	
0,3182	23,6178	
0,3182	23,6178	
0,318	23,6167	
0,318	23,6167	
0,318	23,6167	
0,3176	23,6153	
0,3176	23,6153	
0,3172	23,6131	
0,0539	25,4452	
0,049	25,7665	
0,049	25,7665	
0,0476	25,7622	
0,0467	26,0198	
0,0467	26,0198	
0,0467	26,0198	
0,0456	26,0165	
0,0456	26,0165	
0,0444	26,0123	
0,0483	26,202	
0,0483	26,202	
0,0483	26,202	
0,0483	26,202	
0,0474	26,1995	
0,0474	26,1995	
0,0474	26,1995	
0,0465	26,1964	
0,0465	26,1964	
0,0454	26,192	
0,0557	26,3052	
0,0557	26,3052	
0,0557	26,3052	
0,0557	26,3052	
0,0557	26,3052	
0,055	26,3035	
0,055	26,3035	
0,055	26,3035	
0,055	26,3035	
0,0542	26,3012	
0,0542	26,3012	
0,0542	26,3012	
0,0534	26,2979	
0,0534	26,2979	
0,0524	26,2935	
0,0712	26,3154	
0,0712	26,3154	
0,0712	26,3154	
0,0712	26,3154	
0,0712	26,3154	
0,0712	26,3154	
0,0706	26,3142	
0,0706	26,3142	
0,0706	26,3142	
0,0706	26,3142	
0,0706	26,3142	
0,07	26,3126	
0,07	26,3126	
0,07	26,3126	
0,07	26,3126	
0,0693	26,3102	
0,0693	26,3102	
0,0693	26,3102	
0,0686	26,307	
0,0686	26,307	
0,0677	26,3028	
0,0971	26,2092	
0,0971	26,2092	
0,0971	26,2092	
0,0971	26,2092	
0,0971	26,2092	
0,0971	26,2092	
0,0966	26,2081	
0,0966	26,2081	
0,0966	26,2081	
0,0966	26,2081	
0,0966	26,2081	
0,0961	26,2065	
0,0961	26,2065	
0,0961	26,2065	
0,0961	26,2065	
0,0955	26,2042	
0,0955	26,2042	
0,0955	26,2042	
0,0948	26,2012	
0,0948	26,2012	
0,094	26,197	
0,1368	25,9565	
0,1368	25,9565	
0,1368	25,9565	
0,1368	25,9565	
0,1368	25,9565	
0,1368	25,9565	
0,1364	25,9555	
0,1364	25,9555	
0,1364	25,9555	
0,1364	25,9555	
0,1364	25,9555	
0,136	25,954	
0,136	25,954	
0,136	25,954	
0,136	25,954	
0,1355	25,9519	
0,1355	25,9519	
0,1355	25,9519	
0,1349	25,949	
0,1349	25,949	
0,1341	25,9451	
0,1917	25,5201	
0,1917	25,5201	
0,1917	25,5201	
0,1917	25,5201	
0,1917	25,5201	
0,1917	25,5201	
0,1913	25,5191	
0,1913	25,5191	
0,1913	25,5191	
0,1913	25,5191	
0,1913	25,5191	
0,191	25,5178	
0,191	25,5178	
0,191	25,5178	
0,191	25,5178	
0,1905	25,5159	
0,1905	25,5159	
0,1905	25,5159	
0,19	25,5133	
0,19	25,5133	
0,1893	25,5098	
0,26	24,8639	
0,26	24,8639	
0,26	24,8639	
0,26	24,8639	
0,26	24,8639	
0,26	24,8639	
0,2598	24,8631	
0,2598	24,8631	
0,2598	24,8631	
0,2598	24,8631	
0,2598	24,8631	
0,2595	24,862	
0,2595	24,862	
0,2595	24,862	
0,2595	24,862	
0,2591	24,8604	
0,2591	24,8604	
0,2591	24,8604	
0,2586	24,8582	
0,2586	24,8582	
0,2579	24,8553	
0,0356	25,2866	
0,0332	25,6345	
0,0332	25,6345	
0,0317	25,6299	
0,034	25,9139	
0,034	25,9139	
0,034	25,9139	
0,0337	25,9094	
0,0337	25,9094	
0,0334	25,9038	
0,0386	26,1232	
0,0386	26,1232	
0,0386	26,1232	
0,0386	26,1232	
0,0384	26,1197	
0,0384	26,1197	
0,0384	26,1197	
0,0381	26,1155	
0,0381	26,1155	
0,0378	26,1099	
0,0457	26,2594	
0,0457	26,2594	
0,0457	26,2594	
0,0457	26,2594	
0,0457	26,2594	
0,0455	26,2569	
0,0455	26,2569	
0,0455	26,2569	
0,0455	26,2569	
0,0453	26,2537	
0,0453	26,2537	
0,0453	26,2537	
0,045	26,2494	
0,045	26,2494	
0,0447	26,2439	
0,0614	26,3071	
0,0614	26,3071	
0,0614	26,3071	
0,0614	26,3071	
0,0614	26,3071	
0,0614	26,3071	
0,0607	26,3058	
0,0607	26,3058	
0,0607	26,3058	
0,0607	26,3058	
0,0607	26,3058	
0,06	26,3041	
0,06	26,3041	
0,06	26,3041	
0,06	26,3041	
0,0593	26,3015	
0,0593	26,3015	
0,0593	26,3015	
0,0584	26,2979	
0,0584	26,2979	
0,0574	26,2933	
0,088	26,2463	
0,088	26,2463	
0,088	26,2463	
0,088	26,2463	
0,088	26,2463	
0,088	26,2463	
0,0875	26,2451	
0,0875	26,2451	
0,0875	26,2451	
0,0875	26,2451	
0,0875	26,2451	
0,0869	26,2433	
0,0869	26,2433	
0,0869	26,2433	
0,0869	26,2433	
0,0862	26,2408	
0,0862	26,2408	
0,0862	26,2408	
0,0854	26,2374	
0,0854	26,2374	
0,0845	26,2328	
0,1289	26,0504	
0,1289	26,0504	
0,1289	26,0504	
0,1289	26,0504	
0,1289	26,0504	
0,1289	26,0504	
0,1285	26,0493	
0,1285	26,0493	
0,1285	26,0493	
0,1285	26,0493	
0,1285	26,0493	
0,1279	26,0476	
0,1279	26,0476	
0,1279	26,0476	
0,1279	26,0476	
0,1273	26,0453	
0,1273	26,0453	
0,1273	26,0453	
0,1266	26,042	
0,1266	26,042	
0,1257	26,0376	
0,1863	25,6836	
0,1863	25,6836	
0,1863	25,6836	
0,1863	25,6836	
0,1863	25,6836	
0,1863	25,6836	
0,186	25,6826	
0,186	25,6826	
0,186	25,6826	
0,186	25,6826	
0,186	25,6826	
0,1855	25,6811	
0,1855	25,6811	
0,1855	25,6811	
0,1855	25,6811	
0,185	25,679	
0,185	25,679	
0,185	25,679	
0,1843	25,676	
0,1843	25,676	
0,1834	25,672	
0,0252	25,0934	
0,0274	25,4679	
0,0274	25,4679	
0,027	25,4616	
0,0303	25,7758	
0,0303	25,7758	
0,0303	25,7758	
0,03	25,7709	
0,03	25,7709	
0,0296	25,7649	
0,0345	26,0166	
0,0345	26,0166	
0,0345	26,0166	
0,0345	26,0166	
0,0342	26,0128	
0,0342	26,0128	
0,0342	26,0128	
0,0339	26,0081	
0,0339	26,0081	
0,0336	26,002	
0,0407	26,1865	
0,0407	26,1865	
0,0407	26,1865	
0,0407	26,1865	
0,0407	26,1865	
0,0405	26,1837	
0,0405	26,1837	
0,0405	26,1837	
0,0405	26,1837	
0,0403	26,1802	
0,0403	26,1802	
0,0403	26,1802	
0,04	26,1755	
0,04	26,1755	
0,0396	26,1694	
0,0503	26,2774	
0,0503	26,2774	
0,0503	26,2774	
0,0503	26,2774	
0,0503	26,2774	
0,0503	26,2774	
0,0501	26,2754	
0,0501	26,2754	
0,0501	26,2754	
0,0501	26,2754	
0,0501	26,2754	
0,0499	26,2729	
0,0499	26,2729	
0,0499	26,2729	
0,0499	26,2729	
0,0497	26,2694	
0,0497	26,2694	
0,0497	26,2694	
0,0494	26,2648	
0,0494	26,2648	
0,049	26,2589	
0,0754	26,262	
0,0754	26,262	
0,0754	26,262	
0,0754	26,262	
0,0754	26,262	
0,0754	26,262	
0,0748	26,2607	
0,0748	26,2607	
0,0748	26,2607	
0,0748	26,2607	
0,0748	26,2607	
0,074	26,2587	
0,074	26,2587	
0,074	26,2587	
0,074	26,2587	
0,0732	26,2559	
0,0732	26,2559	
0,0732	26,2559	
0,0723	26,2522	
0,0723	26,2522	
0,0712	26,2471	
0,1165	26,1204	
0,1165	26,1204	
0,1165	26,1204	
0,1165	26,1204	
0,1165	26,1204	
0,1165	26,1204	
0,1159	26,1191	
0,1159	26,1191	
0,1159	26,1191	
0,1159	26,1191	
0,1159	26,1191	
0,1153	26,1172	
0,1153	26,1172	
0,1153	26,1172	
0,1153	26,1172	
0,1146	26,1146	
0,1146	26,1146	
0,1146	26,1146	
0,1137	26,111	
0,1137	26,111	
0,1126	26,1061	
0,0212	24,8766	
0,0235	25,282	
0,0235	25,282	
0,0231	25,2752	
0,0264	25,6207	
0,0264	25,6207	
0,0264	25,6207	
0,026	25,6153	
0,026	25,6153	
0,0257	25,6088	
0,0303	25,8925	
0,0303	25,8925	
0,0303	25,8925	
0,0303	25,8925	
0,03	25,8883	
0,03	25,8883	
0,03	25,8883	
0,0297	25,8833	
0,0297	25,8833	
0,0293	25,8765	
0,036	26,0948	
0,036	26,0948	
0,036	26,0948	
0,036	26,0948	
0,036	26,0948	
0,0357	26,0917	
0,0357	26,0917	
0,0357	26,0917	
0,0357	26,0917	
0,0355	26,0879	
0,0355	26,0879	
0,0355	26,0879	
0,0352	26,0827	
0,0352	26,0827	
0,0347	26,076	
0,0444	26,2214	
0,0444	26,2214	
0,0444	26,2214	
0,0444	26,2214	
0,0444	26,2214	
0,0444	26,2214	
0,0442	26,2192	
0,0442	26,2192	
0,0442	26,2192	
0,0442	26,2192	
0,0442	26,2192	
0,044	26,2164	
0,044	26,2164	
0,044	26,2164	
0,044	26,2164	
0,0437	26,2126	
0,0437	26,2126	
0,0437	26,2126	
0,0434	26,2074	
0,0434	26,2074	
0,0429	26,2009	
0,0601	26,2553	
0,0601	26,2553	
0,0601	26,2553	
0,0601	26,2553	
0,0601	26,2553	
0,0601	26,2553	
0,0594	26,2538	
0,0594	26,2538	
0,0594	26,2538	
0,0594	26,2538	
0,0594	26,2538	
0,0586	26,2516	
0,0586	26,2516	
0,0586	26,2516	
0,0586	26,2516	
0,0583	26,2479	
0,0583	26,2479	
0,0583	26,2479	
0,0578	26,2432	
0,0578	26,2432	
0,0572	26,2369	
0,0165	24,6297	
0,019	25,0677	
0,019	25,0677	
0,0186	25,0604	
0,022	25,4388	
0,022	25,4388	
0,022	25,4388	
0,0216	25,433	
0,0216	25,433	
0,0212	25,4259	
0,0258	25,7429	
0,0258	25,7429	
0,0258	25,7429	
0,0258	25,7429	
0,0255	25,7384	
0,0255	25,7384	
0,0255	25,7384	
0,0252	25,7329	
0,0252	25,7329	
0,0247	25,7255	
0,031	25,9784	
0,031	25,9784	
0,031	25,9784	
0,031	25,9784	
0,031	25,9784	
0,0308	25,975	
0,0308	25,975	
0,0308	25,975	
0,0308	25,975	
0,0305	25,9708	
0,0305	25,9708	
0,0305	25,9708	
0,0301	25,9652	
0,0301	25,9652	
0,0296	25,9577	
0,0385	26,1406	
0,0385	26,1406	
0,0385	26,1406	
0,0385	26,1406	
0,0385	26,1406	
0,0385	26,1406	
0,0383	26,1381	
0,0383	26,1381	
0,0383	26,1381	
0,0383	26,1381	
0,0383	26,1381	
0,038	26,135	
0,038	26,135	
0,038	26,135	
0,038	26,135	
0,0377	26,1308	
0,0377	26,1308	
0,0377	26,1308	
0,0374	26,1251	
0,0374	26,1251	
0,0369	26,1179	
0,0113	24,3544	
0,0141	24,826	
0,0141	24,826	
0,0136	24,8182	
0,0172	25,2306	
0,0172	25,2306	
0,0172	25,2306	
0,0168	25,2243	
0,0168	25,2243	
0,0163	25,2166	
0,0209	25,568	
0,0209	25,568	
0,0209	25,568	
0,0209	25,568	
0,0206	25,563	
0,0206	25,563	
0,0206	25,563	
0,0202	25,557	
0,0202	25,557	
0,0197	25,549	
0,0258	25,8371	
0,0258	25,8371	
0,0258	25,8371	
0,0258	25,8371	
0,0258	25,8371	
0,0255	25,8333	
0,0255	25,8333	
0,0255	25,8333	
0,0255	25,8333	
0,0252	25,8287	
0,0252	25,8287	
0,0252	25,8287	
0,0248	25,8225	
0,0248	25,8225	
0,0243	25,8143	
0,0056	24,054	
0,0086	24,5594	
0,0086	24,5594	
0,0081	24,551	
0,0119	24,9978	
0,0119	24,9978	
0,0119	24,9978	
0,0115	24,991	
0,0115	24,991	
0,011	24,9827	
0,0157	25,3688	
0,0157	25,3688	
0,0157	25,3688	
0,0157	25,3688	
0,0153	25,3635	
0,0153	25,3635	
0,0153	25,3635	
0,0149	25,3569	
0,0149	25,3569	
0,0144	25,3482	
2,9011	23,7117	
0,0023	24,2533	
0,0023	24,2533	
0,0018	24,2442	
0,0058	24,7272	
0,0058	24,7272	
0,0058	24,7272	
0,0053	24,7199	
0,0053	24,7199	
0,0048	24,711	
3,3431	23,3426	
3,0628	23,9207	
3,0628	23,9207	
3,068	23,9106	
