2,5004	19,9823	
0,0011	20,8195	
0,001	20,9288	
0,001	20,9288	
0,0009	20,9269	
2,42	20,7433	
0,0045	21,6066	
0,0045	21,7372	
0,0045	21,7372	
0,0044	21,735	
0,005	21,8368	
0,005	21,8368	
0,005	21,8368	
0,0049	21,8352	
0,0049	21,8352	
0,0048	21,8332	
0,0028	21,5197	
0,0028	21,6646	
0,0028	21,6646	
0,0027	21,6622	
0,0009	21,4192	
0,0081	22,3394	
0,0082	22,4938	
0,0082	22,4938	
0,008	22,4912	
0,0089	22,6121	
0,0089	22,6121	
0,0089	22,6121	
0,0088	22,6101	
0,0088	22,6101	
0,0087	22,6077	
0,0106	22,696	
0,0106	22,696	
0,0106	22,696	
0,0106	22,696	
0,0105	22,6945	
0,0105	22,6945	
0,0105	22,6945	
0,0104	22,6928	
0,0104	22,6928	
0,0103	22,6904	
0,0062	22,2409	
0,0063	22,4118	
0,0063	22,4118	
0,0062	22,409	
0,007	22,545	
0,007	22,545	
0,007	22,545	
0,0069	22,5429	
0,0069	22,5429	
0,0067	22,5403	
0,0041	22,1286	
0,0043	22,3171	
0,0043	22,3171	
0,0042	22,314	
0,0017	21,9966	
0,0118	23,0128	
0,012	23,193	
0,012	23,193	
0,0119	23,19	
0,013	23,3317	
0,013	23,3317	
0,013	23,3317	
0,0129	23,3294	
0,0129	23,3294	
0,0128	23,3266	
0,0151	23,4304	
0,0151	23,4304	
0,0151	23,4304	
0,0151	23,4304	
0,015	23,4287	
0,015	23,4287	
0,015	23,4287	
0,0149	23,4266	
0,0149	23,4266	
0,0148	23,4238	
0,0188	23,4878	
0,0188	23,4878	
0,0188	23,4878	
0,0188	23,4878	
0,0188	23,4878	
0,0187	23,4866	
0,0187	23,4866	
0,0187	23,4866	
0,0187	23,4866	
0,0186	23,4851	
0,0186	23,4851	
0,0186	23,4851	
0,0185	23,483	
0,0185	23,483	
0,0184	23,4803	
0,0097	22,9023	
0,01	23,1012	
0,01	23,1012	
0,0099	23,0979	
0,0109	23,2572	
0,0109	23,2572	
0,0109	23,2572	
0,0108	23,2547	
0,0108	23,2547	
0,0106	23,2516	
0,0127	23,3727	
0,0127	23,3727	
0,0127	23,3727	
0,0127	23,3727	
0,0126	23,3708	
0,0126	23,3708	
0,0126	23,3708	
0,0125	23,3685	
0,0125	23,3685	
0,0123	23,3655	
0,0075	22,7775	
0,0078	22,9962	
0,0078	22,9962	
0,0076	22,9926	
0,0086	23,1704	
0,0086	23,1704	
0,0086	23,1704	
0,0085	23,1676	
0,0085	23,1676	
0,0083	23,1643	
0,0048	22,6312	
0,0052	22,8718	
0,0052	22,8718	
0,005	22,8678	
0,0017	22,4718	
0,0156	23,623	
0,0161	23,8305	
0,0161	23,8305	
0,0159	23,827	
0,0174	23,991	
0,0174	23,991	
0,0174	23,991	
0,0172	23,9883	
0,0172	23,9883	
0,0171	23,9851	
0,0199	24,1056	
0,0199	24,1056	
0,0199	24,1056	
0,0199	24,1056	
0,0198	24,1036	
0,0198	24,1036	
0,0198	24,1036	
0,0197	24,1012	
0,0197	24,1012	
0,0195	24,0979	
0,0244	24,1723	
0,0244	24,1723	
0,0244	24,1723	
0,0244	24,1723	
0,0244	24,1723	
0,0243	24,1708	
0,0243	24,1708	
0,0243	24,1708	
0,0243	24,1708	
0,0242	24,169	
0,0242	24,169	
0,0242	24,169	
0,0241	24,1666	
0,0241	24,1666	
0,0239	24,1635	
0,0317	24,1846	
0,0317	24,1846	
0,0317	24,1846	
0,0317	24,1846	
0,0317	24,1846	
0,0317	24,1846	
0,0316	24,1836	
0,0316	24,1836	
0,0316	24,1836	
0,0316	24,1836	
0,0316	24,1836	
0,0315	24,1823	
0,0315	24,1823	
0,0315	24,1823	
0,0315	24,1823	
0,0314	24,1805	
0,0314	24,1805	
0,0314	24,1805	
0,0313	24,1782	
0,0313	24,1782	
0,0311	24,1752	
0,0134	23,50	
0,0139	23,7284	
0,0139	23,7284	
0,0137	23,7246	
0,0151	23,9086	
0,0151	23,9086	
0,0151	23,9086	
0,0149	23,9057	
0,0149	23,9057	
0,0147	23,9021	
0,0173	24,0426	
0,0173	24,0426	
0,0173	24,0426	
0,0173	24,0426	
0,0172	24,0404	
0,0172	24,0404	
0,0172	24,0404	
0,017	24,0377	
0,017	24,0377	
0,0168	24,0342	
0,0211	24,1296	
0,0211	24,1296	
0,0211	24,1296	
0,0211	24,1296	
0,0211	24,1296	
0,021	24,128	
0,021	24,128	
0,021	24,128	
0,021	24,128	
0,0209	24,1261	
0,0209	24,1261	
0,0209	24,1261	
0,0207	24,1234	
0,0207	24,1234	
0,0206	24,1199	
0,0109	23,3627	
0,0115	23,6129	
0,0115	23,6129	
0,0112	23,6088	
0,0126	23,8135	
0,0126	23,8135	
0,0126	23,8135	
0,0124	23,8103	
0,0124	23,8103	
0,0122	23,8064	
0,0146	23,9671	
0,0146	23,9671	
0,0146	23,9671	
0,0146	23,9671	
0,0144	23,9647	
0,0144	23,9647	
0,0144	23,9647	
0,0143	23,9617	
0,0143	23,9617	
0,014	23,9579	
0,0079	23,2018	
0,0086	23,476	
0,0086	23,476	
0,0084	23,4715	
0,0097	23,6989	
0,0097	23,6989	
0,0097	23,6989	
0,0095	23,6954	
0,0095	23,6954	
0,0093	23,6912	
0,0046	23,0244	
0,0055	23,3235	
0,0055	23,3235	
0,0052	23,3186	
0,001	22,8362	
0,0195	24,1677	
0,0203	24,4032	
0,0203	24,4032	
0,0201	24,3992	
0,022	24,5863	
0,022	24,5863	
0,022	24,5863	
0,0218	24,5832	
0,0218	24,5832	
0,0216	24,5795	
0,0251	24,7175	
0,0251	24,7175	
0,0251	24,7175	
0,0251	24,7175	
0,025	24,7152	
0,025	24,7152	
0,025	24,7152	
0,0248	24,7124	
0,0248	24,7124	
0,0246	24,7087	
0,0303	24,7939	
0,0303	24,7939	
0,0303	24,7939	
0,0303	24,7939	
0,0303	24,7939	
0,0302	24,7922	
0,0302	24,7922	
0,0302	24,7922	
0,0302	24,7922	
0,0301	24,7901	
0,0301	24,7901	
0,0301	24,7901	
0,0299	24,7874	
0,0299	24,7874	
0,0297	24,7837	
0,0388	24,8075	
0,0388	24,8075	
0,0388	24,8075	
0,0388	24,8075	
0,0388	24,8075	
0,0388	24,8075	
0,0387	24,8064	
0,0387	24,8064	
0,0387	24,8064	
0,0387	24,8064	
0,0387	24,8064	
0,0386	24,8049	
0,0386	24,8049	
0,0386	24,8049	
0,0386	24,8049	
0,0385	24,8029	
0,0385	24,8029	
0,0385	24,8029	
0,0383	24,8002	
0,0383	24,8002	
0,0381	24,7968	
0,0518	24,7431	
0,0518	24,7431	
0,0518	24,7431	
0,0518	24,7431	
0,0518	24,7431	
0,0518	24,7431	
0,0517	24,7421	
0,0517	24,7421	
0,0517	24,7421	
0,0517	24,7421	
0,0517	24,7421	
0,0516	24,7407	
0,0516	24,7407	
0,0516	24,7407	
0,0516	24,7407	
0,0515	24,7387	
0,0515	24,7387	
0,0515	24,7387	
0,0513	24,7363	
0,0513	24,7363	
0,0511	24,7329	
0,0171	24,0321	
0,0179	24,2906	
0,0179	24,2906	
0,0177	24,2862	
0,0194	24,4957	
0,0194	24,4957	
0,0194	24,4957	
0,0192	24,4924	
0,0192	24,4924	
0,019	24,4884	
0,0221	24,649	
0,0221	24,649	
0,0221	24,649	
0,0221	24,649	
0,022	24,6465	
0,022	24,6465	
0,022	24,6465	
0,0218	24,6434	
0,0218	24,6434	
0,0216	24,6393	
0,0267	24,7487	
0,0267	24,7487	
0,0267	24,7487	
0,0267	24,7487	
0,0267	24,7487	
0,0266	24,7469	
0,0266	24,7469	
0,0266	24,7469	
0,0266	24,7469	
0,0264	24,7446	
0,0264	24,7446	
0,0264	24,7446	
0,0262	24,7416	
0,0262	24,7416	
0,026	24,7376	
0,034	24,7892	
0,034	24,7892	
0,034	24,7892	
0,034	24,7892	
0,034	24,7892	
0,034	24,7892	
0,0339	24,788	
0,0339	24,788	
0,0339	24,788	
0,0339	24,788	
0,0339	24,788	
0,0338	24,7863	
0,0338	24,7863	
0,0338	24,7863	
0,0338	24,7863	
0,0337	24,7841	
0,0337	24,7841	
0,0337	24,7841	
0,0335	24,7811	
0,0335	24,7811	
0,0333	24,7773	
0,0143	23,882	
0,0152	24,1643	
0,0152	24,1643	
0,015	24,1596	
0,0167	24,392	
0,0167	24,392	
0,0167	24,392	
0,0165	24,3884	
0,0165	24,3884	
0,0163	24,384	
0,0191	24,5673	
0,0191	24,5673	
0,0191	24,5673	
0,0191	24,5673	
0,019	24,5645	
0,019	24,5645	
0,019	24,5645	
0,0188	24,5612	
0,0188	24,5612	
0,0185	24,5568	
0,0231	24,6898	
0,0231	24,6898	
0,0231	24,6898	
0,0231	24,6898	
0,0231	24,6898	
0,023	24,6878	
0,023	24,6878	
0,023	24,6878	
0,023	24,6878	
0,0228	24,6853	
0,0228	24,6853	
0,0228	24,6853	
0,0226	24,6819	
0,0226	24,6819	
0,0224	24,6775	
0,0111	23,7067	
0,0121	24,0149	
0,0121	24,0149	
0,0119	24,0098	
0,0136	24,2672	
0,0136	24,2672	
0,0136	24,2672	
0,0134	24,2632	
0,0134	24,2632	
0,0131	24,2584	
0,0159	24,466	
0,0159	24,466	
0,0159	24,466	
0,0159	24,466	
0,0157	24,463	
0,0157	24,463	
0,0157	24,463	
0,0155	24,4593	
0,0155	24,4593	
0,0152	24,4545	
0,0075	23,5117	
0,0087	23,8469	
0,0087	23,8469	
0,0084	23,8414	
0,0102	24,1246	
0,0102	24,1246	
0,0102	24,1246	
0,01	24,1203	
0,01	24,1203	
0,0097	24,1151	
0,0035	23,304	
0,0049	23,6662	
0,0049	23,6662	
0,0046	23,6603	
2,7621	23,062	
0,0236	24,6459	
0,0248	24,9091	
0,0248	24,9091	
0,0245	24,9046	
0,0269	25,1149	
0,0269	25,1149	
0,0269	25,1149	
0,0267	25,1115	
0,0267	25,1115	
0,0265	25,1073	
0,0306	25,263	
0,0306	25,263	
0,0306	25,263	
0,0306	25,263	
0,0304	25,2604	
0,0304	25,2604	
0,0304	25,2604	
0,0302	25,2572	
0,0302	25,2572	
0,03	25,253	
0,0366	25,3492	
0,0366	25,3492	
0,0366	25,3492	
0,0366	25,3492	
0,0366	25,3492	
0,0365	25,3473	
0,0365	25,3473	
0,0365	25,3473	
0,0365	25,3473	
0,0364	25,345	
0,0364	25,345	
0,0364	25,345	
0,0362	25,3419	
0,0362	25,3419	
0,036	25,3377	
0,0463	25,3643	
0,0463	25,3643	
0,0463	25,3643	
0,0463	25,3643	
0,0463	25,3643	
0,0463	25,3643	
0,0462	25,3629	
0,0462	25,3629	
0,0462	25,3629	
0,0462	25,3629	
0,0462	25,3629	
0,0461	25,3612	
0,0461	25,3612	
0,0461	25,3612	
0,0461	25,3612	
0,0459	25,3589	
0,0459	25,3589	
0,0459	25,3589	
0,0457	25,3559	
0,0457	25,3559	
0,0455	25,352	
0,061	25,2905	
0,061	25,2905	
0,061	25,2905	
0,061	25,2905	
0,061	25,2905	
0,061	25,2905	
0,0609	25,2893	
0,0609	25,2893	
0,0609	25,2893	
0,0609	25,2893	
0,0609	25,2893	
0,0608	25,2877	
0,0608	25,2877	
0,0608	25,2877	
0,0608	25,2877	
0,0606	25,2855	
0,0606	25,2855	
0,0606	25,2855	
0,0604	25,2827	
0,0604	25,2827	
0,0602	25,2789	
0,0841	25,1026	
0,0841	25,1026	
0,0841	25,1026	
0,0841	25,1026	
0,0841	25,1026	
0,0841	25,1026	
0,084	25,1015	
0,084	25,1015	
0,084	25,1015	
0,084	25,1015	
0,084	25,1015	
0,0838	25,10	
0,0838	25,10	
0,0838	25,10	
0,0838	25,10	
0,0837	25,098	
0,0837	25,098	
0,0837	25,098	
0,0834	25,0954	
0,0834	25,0954	
0,0831	25,0919	
0,0209	24,4978	
0,0221	24,786	
0,0221	24,786	
0,0218	24,7811	
0,024	25,0161	
0,024	25,0161	
0,024	25,0161	
0,0238	25,0124	
0,0238	25,0124	
0,0236	25,0078	
0,0273	25,1888	
0,0273	25,1888	
0,0273	25,1888	
0,0273	25,1888	
0,0271	25,186	
0,0271	25,186	
0,0271	25,186	
0,0269	25,1825	
0,0269	25,1825	
0,0267	25,1779	
0,0326	25,3015	
0,0326	25,3015	
0,0326	25,3015	
0,0326	25,3015	
0,0326	25,3015	
0,0325	25,2994	
0,0325	25,2994	
0,0325	25,2994	
0,0325	25,2994	
0,0323	25,2968	
0,0323	25,2968	
0,0323	25,2968	
0,0321	25,2934	
0,0321	25,2934	
0,0318	25,2889	
0,041	25,3471	
0,041	25,3471	
0,041	25,3471	
0,041	25,3471	
0,041	25,3471	
0,041	25,3471	
0,0409	25,3456	
0,0409	25,3456	
0,0409	25,3456	
0,0409	25,3456	
0,0409	25,3456	
0,0408	25,3437	
0,0408	25,3437	
0,0408	25,3437	
0,0408	25,3437	
0,0406	25,3412	
0,0406	25,3412	
0,0406	25,3412	
0,0404	25,3378	
0,0404	25,3378	
0,0401	25,3336	
0,0539	25,3108	
0,0539	25,3108	
0,0539	25,3108	
0,0539	25,3108	
0,0539	25,3108	
0,0539	25,3108	
0,0538	25,3095	
0,0538	25,3095	
0,0538	25,3095	
0,0538	25,3095	
0,0538	25,3095	
0,0537	25,3077	
0,0537	25,3077	
0,0537	25,3077	
0,0537	25,3077	
0,0535	25,3052	
0,0535	25,3052	
0,0535	25,3052	
0,0533	25,3021	
0,0533	25,3021	
0,053	25,2979	
0,0179	24,3353	
0,0191	24,6489	
0,0191	24,6489	
0,0189	24,6437	
0,021	24,9037	
0,021	24,9037	
0,021	24,9037	
0,0208	24,8996	
0,0208	24,8996	
0,0205	24,8947	
0,024	25,1008	
0,024	25,1008	
0,024	25,1008	
0,024	25,1008	
0,0238	25,0977	
0,0238	25,0977	
0,0238	25,0977	
0,0236	25,0939	
0,0236	25,0939	
0,0233	25,0889	
0,0287	25,239	
0,0287	25,239	
0,0287	25,239	
0,0287	25,239	
0,0287	25,239	
0,0285	25,2367	
0,0285	25,2367	
0,0285	25,2367	
0,0285	25,2367	
0,0284	25,2339	
0,0284	25,2339	
0,0284	25,2339	
0,0281	25,2301	
0,0281	25,2301	
0,0278	25,2251	
0,0361	25,313	
0,0361	25,313	
0,0361	25,313	
0,0361	25,313	
0,0361	25,313	
0,0361	25,313	
0,0359	25,3114	
0,0359	25,3114	
0,0359	25,3114	
0,0359	25,3114	
0,0359	25,3114	
0,0358	25,3094	
0,0358	25,3094	
0,0358	25,3094	
0,0358	25,3094	
0,0356	25,3066	
0,0356	25,3066	
0,0356	25,3066	
0,0354	25,3028	
0,0354	25,3028	
0,0351	25,2981	
0,0144	24,1459	
0,0158	24,4873	
0,0158	24,4873	
0,0155	24,4816	
0,0177	24,7686	
0,0177	24,7686	
0,0177	24,7686	
0,0174	24,7642	
0,0174	24,7642	
0,0171	24,7588	
0,0204	24,9917	
0,0204	24,9917	
0,0204	24,9917	
0,0204	24,9917	
0,0202	24,9883	
0,0202	24,9883	
0,0202	24,9883	
0,02	24,9842	
0,02	24,9842	
0,0197	24,9787	
0,0246	25,1563	
0,0246	25,1563	
0,0246	25,1563	
0,0246	25,1563	
0,0246	25,1563	
0,0244	25,1538	
0,0244	25,1538	
0,0244	25,1538	
0,0244	25,1538	
0,0242	25,1507	
0,0242	25,1507	
0,0242	25,1507	
0,024	25,1466	
0,024	25,1466	
0,0237	25,1411	
0,0104	23,934	
0,012	24,3042	
0,012	24,3042	
0,0117	24,2981	
0,014	24,6132	
0,014	24,6132	
0,014	24,6132	
0,0137	24,6084	
0,0137	24,6084	
0,0133	24,6026	
0,0166	24,8631	
0,0166	24,8631	
0,0166	24,8631	
0,0166	24,8631	
0,0164	24,8594	
0,0164	24,8594	
0,0164	24,8594	
0,0161	24,8549	
0,0161	24,8549	
0,0157	24,8489	
0,0061	23,7078	
0,0079	24,1068	
0,0079	24,1068	
0,0076	24,1002	
0,01	24,4434	
0,01	24,4434	
0,01	24,4434	
0,0097	24,4382	
0,0097	24,4382	
0,0093	24,4319	
0,0012	23,4478	
0,0032	23,8776	
0,0032	23,8776	
0,0028	23,8705	
3,0401	23,1564	
0,0296	25,0558	
0,0296	25,3472	
0,0296	25,3472	
0,0293	25,3422	
0,0322	25,575	
0,0322	25,575	
0,0322	25,575	
0,0319	25,5712	
0,0319	25,5712	
0,0317	25,5665	
0,0365	25,7395	
0,0365	25,7395	
0,0365	25,7395	
0,0365	25,7395	
0,0363	25,7366	
0,0363	25,7366	
0,0363	25,7366	
0,0361	25,7331	
0,0361	25,7331	
0,0358	25,7284	
0,0434	25,8355	
0,0434	25,8355	
0,0434	25,8355	
0,0434	25,8355	
0,0434	25,8355	
0,0433	25,8334	
0,0433	25,8334	
0,0433	25,8334	
0,0433	25,8334	
0,0431	25,8308	
0,0431	25,8308	
0,0431	25,8308	
0,0429	25,8272	
0,0429	25,8272	
0,0426	25,8226	
0,0543	25,8518	
0,0543	25,8518	
0,0543	25,8518	
0,0543	25,8518	
0,0543	25,8518	
0,0543	25,8518	
0,0542	25,8504	
0,0542	25,8504	
0,0542	25,8504	
0,0542	25,8504	
0,0542	25,8504	
0,054	25,8485	
0,054	25,8485	
0,054	25,8485	
0,054	25,8485	
0,0539	25,8459	
0,0539	25,8459	
0,0539	25,8459	
0,0537	25,8425	
0,0537	25,8425	
0,0534	25,8382	
0,0707	25,7687	
0,0707	25,7687	
0,0707	25,7687	
0,0707	25,7687	
0,0707	25,7687	
0,0707	25,7687	
0,0706	25,7674	
0,0706	25,7674	
0,0706	25,7674	
0,0706	25,7674	
0,0706	25,7674	
0,0705	25,7656	
0,0705	25,7656	
0,0705	25,7656	
0,0705	25,7656	
0,0703	25,7632	
0,0703	25,7632	
0,0703	25,7632	
0,07	25,7601	
0,07	25,7601	
0,0697	25,7559	
0,105	25,5496	
0,105	25,5496	
0,105	25,5496	
0,105	25,5496	
0,105	25,5496	
0,105	25,5496	
0,1049	25,5484	
0,1049	25,5484	
0,1049	25,5484	
0,1049	25,5484	
0,1049	25,5484	
0,1048	25,5468	
0,1048	25,5468	
0,1048	25,5468	
0,1048	25,5468	
0,1045	25,5446	
0,1045	25,5446	
0,1045	25,5446	
0,1043	25,5417	
0,1043	25,5417	
0,1039	25,5378	
0,1561	25,1615	
0,1561	25,1615	
0,1561	25,1615	
0,1561	25,1615	
0,1561	25,1615	
0,1561	25,1615	
0,1559	25,1606	
0,1559	25,1606	
0,1559	25,1606	
0,1559	25,1606	
0,1559	25,1606	
0,1555	25,1594	
0,1555	25,1594	
0,1555	25,1594	
0,1555	25,1594	
0,1551	25,1576	
0,1551	25,1576	
0,1551	25,1576	
0,1546	25,1552	
0,1546	25,1552	
0,154	25,1519	
0,025	24,8973	
0,0265	25,2138	
0,0265	25,2138	
0,0263	25,2084	
0,029	25,4681	
0,029	25,4681	
0,029	25,4681	
0,0288	25,4639	
0,0288	25,4639	
0,0285	25,4588	
0,0329	25,6597	
0,0329	25,6597	
0,0329	25,6597	
0,0329	25,6597	
0,0327	25,6566	
0,0327	25,6566	
0,0327	25,6566	
0,0324	25,6527	
0,0324	25,6527	
0,0322	25,6476	
0,039	25,7851	
0,039	25,7851	
0,039	25,7851	
0,039	25,7851	
0,039	25,7851	
0,0388	25,7828	
0,0388	25,7828	
0,0388	25,7828	
0,0388	25,7828	
0,0386	25,7799	
0,0386	25,7799	
0,0386	25,7799	
0,0384	25,7761	
0,0384	25,7761	
0,0381	25,771	
0,0485	25,8357	
0,0485	25,8357	
0,0485	25,8357	
0,0485	25,8357	
0,0485	25,8357	
0,0485	25,8357	
0,0484	25,834	
0,0484	25,834	
0,0484	25,834	
0,0484	25,834	
0,0484	25,834	
0,0482	25,832	
0,0482	25,832	
0,0482	25,832	
0,0482	25,832	
0,048	25,8291	
0,048	25,8291	
0,048	25,8291	
0,0478	25,8254	
0,0478	25,8254	
0,0475	25,8206	
0,0629	25,7946	
0,0629	25,7946	
0,0629	25,7946	
0,0629	25,7946	
0,0629	25,7946	
0,0629	25,7946	
0,0628	25,7931	
0,0628	25,7931	
0,0628	25,7931	
0,0628	25,7931	
0,0628	25,7931	
0,0626	25,7911	
0,0626	25,7911	
0,0626	25,7911	
0,0626	25,7911	
0,0624	25,7884	
0,0624	25,7884	
0,0624	25,7884	
0,0622	25,7849	
0,0622	25,7849	
0,0618	25,7802	
0,0936	25,6296	
0,0936	25,6296	
0,0936	25,6296	
0,0936	25,6296	
0,0936	25,6296	
0,0936	25,6296	
0,0933	25,6285	
0,0933	25,6285	
0,0933	25,6285	
0,0933	25,6285	
0,0933	25,6285	
0,0931	25,6266	
0,0931	25,6266	
0,0931	25,6266	
0,0931	25,6266	
0,0929	25,6242	
0,0929	25,6242	
0,0929	25,6242	
0,0926	25,621	
0,0926	25,621	
0,0921	25,6166	
0,0217	24,723	
0,0233	25,0665	
0,0233	25,0665	
0,023	25,0607	
0,0257	25,3472	
0,0257	25,3472	
0,0257	25,3472	
0,0255	25,3427	
0,0255	25,3427	
0,0252	25,3372	
0,0293	25,5655	
0,0293	25,5655	
0,0293	25,5655	
0,0293	25,5655	
0,029	25,562	
0,029	25,562	
0,029	25,562	
0,0288	25,5578	
0,0288	25,5578	
0,0285	25,5523	
0,0347	25,719	
0,0347	25,719	
0,0347	25,719	
0,0347	25,719	
0,0347	25,719	
0,0345	25,7165	
0,0345	25,7165	
0,0345	25,7165	
0,0345	25,7165	
0,0343	25,7134	
0,0343	25,7134	
0,0343	25,7134	
0,0341	25,7091	
0,0341	25,7091	
0,0337	25,7036	
0,0431	25,8013	
0,0431	25,8013	
0,0431	25,8013	
0,0431	25,8013	
0,0431	25,8013	
0,0431	25,8013	
0,0429	25,7995	
0,0429	25,7995	
0,0429	25,7995	
0,0429	25,7995	
0,0429	25,7995	
0,0428	25,7972	
0,0428	25,7972	
0,0428	25,7972	
0,0428	25,7972	
0,0426	25,7941	
0,0426	25,7941	
0,0426	25,7941	
0,0423	25,7899	
0,0423	25,7899	
0,042	25,7846	
0,0557	25,7981	
0,0557	25,7981	
0,0557	25,7981	
0,0557	25,7981	
0,0557	25,7981	
0,0557	25,7981	
0,0556	25,7965	
0,0556	25,7965	
0,0556	25,7965	
0,0556	25,7965	
0,0556	25,7965	
0,0554	25,7943	
0,0554	25,7943	
0,0554	25,7943	
0,0554	25,7943	
0,0552	25,7912	
0,0552	25,7912	
0,0552	25,7912	
0,0549	25,7873	
0,0549	25,7873	
0,0546	25,7821	
0,0179	24,5204	
0,0197	24,893	
0,0197	24,893	
0,0193	24,8868	
0,022	25,2022	
0,022	25,2022	
0,022	25,2022	
0,0218	25,1973	
0,0218	25,1973	
0,0214	25,1914	
0,0254	25,4487	
0,0254	25,4487	
0,0254	25,4487	
0,0254	25,4487	
0,0251	25,445	
0,0251	25,445	
0,0251	25,445	
0,0248	25,4404	
0,0248	25,4404	
0,0245	25,4343	
0,0302	25,6314	
0,0302	25,6314	
0,0302	25,6314	
0,0302	25,6314	
0,0302	25,6314	
0,03	25,6286	
0,03	25,6286	
0,03	25,6286	
0,03	25,6286	
0,0298	25,6251	
0,0298	25,6251	
0,0298	25,6251	
0,0295	25,6205	
0,0295	25,6205	
0,0292	25,6144	
0,0376	25,7454	
0,0376	25,7454	
0,0376	25,7454	
0,0376	25,7454	
0,0376	25,7454	
0,0376	25,7454	
0,0374	25,7434	
0,0374	25,7434	
0,0374	25,7434	
0,0374	25,7434	
0,0374	25,7434	
0,0373	25,7409	
0,0373	25,7409	
0,0373	25,7409	
0,0373	25,7409	
0,037	25,7375	
0,037	25,7375	
0,037	25,7375	
0,0367	25,7329	
0,0367	25,7329	
0,0363	25,727	
0,0135	24,2927	
0,0156	24,6957	
0,0156	24,6957	
0,0152	24,689	
0,018	25,0345	
0,018	25,0345	
0,018	25,0345	
0,0177	25,0293	
0,0177	25,0293	
0,0173	25,0228	
0,0212	25,3102	
0,0212	25,3102	
0,0212	25,3102	
0,0212	25,3102	
0,0209	25,3061	
0,0209	25,3061	
0,0209	25,3061	
0,0206	25,3011	
0,0206	25,3011	
0,0202	25,2945	
0,0256	25,5224	
0,0256	25,5224	
0,0256	25,5224	
0,0256	25,5224	
0,0256	25,5224	
0,0254	25,5193	
0,0254	25,5193	
0,0254	25,5193	
0,0254	25,5193	
0,0251	25,5155	
0,0251	25,5155	
0,0251	25,5155	
0,0248	25,5104	
0,0248	25,5104	
0,0244	25,5037	
0,0089	24,0495	
0,0111	24,4827	
0,0111	24,4827	
0,0107	24,4755	
0,0137	24,851	
0,0137	24,851	
0,0137	24,851	
0,0133	24,8453	
0,0133	24,8453	
0,0129	24,8383	
0,0168	25,1555	
0,0168	25,1555	
0,0168	25,1555	
0,0168	25,1555	
0,0165	25,1511	
0,0165	25,1511	
0,0165	25,1511	
0,0162	25,1456	
0,0162	25,1456	
0,0157	25,1384	
0,0036	23,7721	
0,006	24,2372	
0,006	24,2372	
0,0056	24,2295	
0,0087	24,6369	
0,0087	24,6369	
0,0087	24,6369	
0,0083	24,6307	
0,0083	24,6307	
0,0079	24,6232	
2,9774	23,4639	
0,0003	23,9639	
0,0003	23,9639	
2,7868	23,9555	
3,3907	23,1183	
0,0499	25,3852	
0,0452	25,7062	
0,0452	25,7062	
0,0438	25,7019	
0,043	25,9597	
0,043	25,9597	
0,043	25,9597	
0,0419	25,9564	
0,0419	25,9564	
0,0407	25,9522	
0,0447	26,1429	
0,0447	26,1429	
0,0447	26,1429	
0,0447	26,1429	
0,0438	26,1405	
0,0438	26,1405	
0,0438	26,1405	
0,0429	26,1373	
0,0429	26,1373	
0,0423	26,1325	
0,0521	26,2485	
0,0521	26,2485	
0,0521	26,2485	
0,0521	26,2485	
0,0521	26,2485	
0,0514	26,2468	
0,0514	26,2468	
0,0514	26,2468	
0,0514	26,2468	
0,0506	26,2445	
0,0506	26,2445	
0,0506	26,2445	
0,0503	26,2407	
0,0503	26,2407	
0,05	26,2356	
0,0675	26,2627	
0,0675	26,2627	
0,0675	26,2627	
0,0675	26,2627	
0,0675	26,2627	
0,0675	26,2627	
0,0669	26,2616	
0,0669	26,2616	
0,0669	26,2616	
0,0669	26,2616	
0,0669	26,2616	
0,0663	26,2599	
0,0663	26,2599	
0,0663	26,2599	
0,0663	26,2599	
0,0656	26,2576	
0,0656	26,2576	
0,0656	26,2576	
0,0649	26,2544	
0,0649	26,2544	
0,064	26,2502	
0,0933	26,163	
0,0933	26,163	
0,0933	26,163	
0,0933	26,163	
0,0933	26,163	
0,0933	26,163	
0,0928	26,1619	
0,0928	26,1619	
0,0928	26,1619	
0,0928	26,1619	
0,0928	26,1619	
0,0923	26,1603	
0,0923	26,1603	
0,0923	26,1603	
0,0923	26,1603	
0,0917	26,1581	
0,0917	26,1581	
0,0917	26,1581	
0,091	26,155	
0,091	26,155	
0,0902	26,1509	
0,1329	25,9198	
0,1329	25,9198	
0,1329	25,9198	
0,1329	25,9198	
0,1329	25,9198	
0,1329	25,9198	
0,1325	25,9188	
0,1325	25,9188	
0,1325	25,9188	
0,1325	25,9188	
0,1325	25,9188	
0,132	25,9172	
0,132	25,9172	
0,132	25,9172	
0,132	25,9172	
0,1315	25,9152	
0,1315	25,9152	
0,1315	25,9152	
0,1309	25,9123	
0,1309	25,9123	
0,1301	25,9084	
0,1878	25,496	
0,1878	25,496	
0,1878	25,496	
0,1878	25,496	
0,1878	25,496	
0,1878	25,496	
0,1875	25,495	
0,1875	25,495	
0,1875	25,495	
0,1875	25,495	
0,1875	25,495	
0,1871	25,4937	
0,1871	25,4937	
0,1871	25,4937	
0,1871	25,4937	
0,1867	25,4918	
0,1867	25,4918	
0,1867	25,4918	
0,1861	25,4892	
0,1861	25,4892	
0,1854	25,4857	
0,2567	24,8551	
0,2567	24,8551	
0,2567	24,8551	
0,2567	24,8551	
0,2567	24,8551	
0,2567	24,8551	
0,2564	24,8544	
0,2564	24,8544	
0,2564	24,8544	
0,2564	24,8544	
0,2564	24,8544	
0,2561	24,8532	
0,2561	24,8532	
0,2561	24,8532	
0,2561	24,8532	
0,2557	24,8516	
0,2557	24,8516	
0,2557	24,8516	
0,2552	24,8494	
0,2552	24,8494	
0,2546	24,8465	
0,0312	25,2294	
0,0316	25,5736	
0,0316	25,5736	
0,0312	25,5678	
0,0346	25,8501	
0,0346	25,8501	
0,0346	25,8501	
0,0343	25,8456	
0,0343	25,8456	
0,034	25,8401	
0,0391	26,0595	
0,0391	26,0595	
0,0391	26,0595	
0,0391	26,0595	
0,0389	26,056	
0,0389	26,056	
0,0389	26,056	
0,0386	26,0518	
0,0386	26,0518	
0,0383	26,0462	
0,046	26,1969	
0,046	26,1969	
0,046	26,1969	
0,046	26,1969	
0,046	26,1969	
0,0458	26,1943	
0,0458	26,1943	
0,0458	26,1943	
0,0458	26,1943	
0,0456	26,1912	
0,0456	26,1912	
0,0456	26,1912	
0,0454	26,1869	
0,0454	26,1869	
0,045	26,1814	
0,0568	26,2519	
0,0568	26,2519	
0,0568	26,2519	
0,0568	26,2519	
0,0568	26,2519	
0,0568	26,2519	
0,0565	26,2503	
0,0565	26,2503	
0,0565	26,2503	
0,0565	26,2503	
0,0565	26,2503	
0,0563	26,248	
0,0563	26,248	
0,0563	26,248	
0,0563	26,248	
0,0561	26,2449	
0,0561	26,2449	
0,0561	26,2449	
0,0558	26,2407	
0,0558	26,2407	
0,0555	26,2355	
0,0832	26,1956	
0,0832	26,1956	
0,0832	26,1956	
0,0832	26,1956	
0,0832	26,1956	
0,0832	26,1956	
0,0826	26,1944	
0,0826	26,1944	
0,0826	26,1944	
0,0826	26,1944	
0,0826	26,1944	
0,082	26,1927	
0,082	26,1927	
0,082	26,1927	
0,082	26,1927	
0,0813	26,1902	
0,0813	26,1902	
0,0813	26,1902	
0,0805	26,1868	
0,0805	26,1868	
0,0796	26,1822	
0,1238	26,0069	
0,1238	26,0069	
0,1238	26,0069	
0,1238	26,0069	
0,1238	26,0069	
0,1238	26,0069	
0,1233	26,0057	
0,1233	26,0057	
0,1233	26,0057	
0,1233	26,0057	
0,1233	26,0057	
0,1228	26,004	
0,1228	26,004	
0,1228	26,004	
0,1228	26,004	
0,1222	26,0017	
0,1222	26,0017	
0,1222	26,0017	
0,1215	25,9985	
0,1215	25,9985	
0,1205	25,9941	
0,181	25,65	
0,181	25,65	
0,181	25,65	
0,181	25,65	
0,181	25,65	
0,181	25,65	
0,1806	25,649	
0,1806	25,649	
0,1806	25,649	
0,1806	25,649	
0,1806	25,649	
0,1802	25,6475	
0,1802	25,6475	
0,1802	25,6475	
0,1802	25,6475	
0,1796	25,6454	
0,1796	25,6454	
0,1796	25,6454	
0,1789	25,6424	
0,1789	25,6424	
0,1781	25,6384	
0,0259	25,0461	
0,028	25,4167	
0,028	25,4167	
0,0277	25,4105	
0,031	25,7213	
0,031	25,7213	
0,031	25,7213	
0,0307	25,7165	
0,0307	25,7165	
0,0303	25,7105	
0,0351	25,9593	
0,0351	25,9593	
0,0351	25,9593	
0,0351	25,9593	
0,0349	25,9556	
0,0349	25,9556	
0,0349	25,9556	
0,0346	25,951	
0,0346	25,951	
0,0343	25,9449	
0,0414	26,1274	
0,0414	26,1274	
0,0414	26,1274	
0,0414	26,1274	
0,0414	26,1274	
0,0412	26,1246	
0,0412	26,1246	
0,0412	26,1246	
0,0412	26,1246	
0,0409	26,1211	
0,0409	26,1211	
0,0409	26,1211	
0,0406	26,1165	
0,0406	26,1165	
0,0403	26,1104	
0,0508	26,2173	
0,0508	26,2173	
0,0508	26,2173	
0,0508	26,2173	
0,0508	26,2173	
0,0508	26,2173	
0,0506	26,2153	
0,0506	26,2153	
0,0506	26,2153	
0,0506	26,2153	
0,0506	26,2153	
0,0504	26,2128	
0,0504	26,2128	
0,0504	26,2128	
0,0504	26,2128	
0,0502	26,2094	
0,0502	26,2094	
0,0502	26,2094	
0,0499	26,2048	
0,0499	26,2048	
0,0495	26,199	
0,0704	26,2075	
0,0704	26,2075	
0,0704	26,2075	
0,0704	26,2075	
0,0704	26,2075	
0,0704	26,2075	
0,0698	26,2062	
0,0698	26,2062	
0,0698	26,2062	
0,0698	26,2062	
0,0698	26,2062	
0,0691	26,2043	
0,0691	26,2043	
0,0691	26,2043	
0,0691	26,2043	
0,0683	26,2015	
0,0683	26,2015	
0,0683	26,2015	
0,0679	26,1974	
0,0679	26,1974	
0,0673	26,1918	
0,1111	26,0681	
0,1111	26,0681	
0,1111	26,0681	
0,1111	26,0681	
0,1111	26,0681	
0,1111	26,0681	
0,1106	26,0668	
0,1106	26,0668	
0,1106	26,0668	
0,1106	26,0668	
0,1106	26,0668	
0,11	26,065	
0,11	26,065	
0,11	26,065	
0,11	26,065	
0,1093	26,0624	
0,1093	26,0624	
0,1093	26,0624	
0,1084	26,0588	
0,1084	26,0588	
0,1073	26,0539	
0,0217	24,8317	
0,024	25,2326	
0,024	25,2326	
0,0237	25,2258	
0,027	25,5672	
0,027	25,5672	
0,027	25,5672	
0,0266	25,5619	
0,0266	25,5619	
0,0263	25,5554	
0,0309	25,8354	
0,0309	25,8354	
0,0309	25,8354	
0,0309	25,8354	
0,0306	25,8313	
0,0306	25,8313	
0,0306	25,8313	
0,0303	25,8263	
0,0303	25,8263	
0,0299	25,8197	
0,0365	26,035	
0,0365	26,035	
0,0365	26,035	
0,0365	26,035	
0,0365	26,035	
0,0363	26,0319	
0,0363	26,0319	
0,0363	26,0319	
0,0363	26,0319	
0,036	26,0281	
0,036	26,0281	
0,036	26,0281	
0,0357	26,0231	
0,0357	26,0231	
0,0353	26,0164	
0,0448	26,1597	
0,0448	26,1597	
0,0448	26,1597	
0,0448	26,1597	
0,0448	26,1597	
0,0448	26,1597	
0,0446	26,1575	
0,0446	26,1575	
0,0446	26,1575	
0,0446	26,1575	
0,0446	26,1575	
0,0444	26,1547	
0,0444	26,1547	
0,0444	26,1547	
0,0444	26,1547	
0,0442	26,151	
0,0442	26,151	
0,0442	26,151	
0,0438	26,1459	
0,0438	26,1459	
0,0434	26,1395	
0,0572	26,1961	
0,0572	26,1961	
0,0572	26,1961	
0,0572	26,1961	
0,0572	26,1961	
0,0572	26,1961	
0,057	26,1942	
0,057	26,1942	
0,057	26,1942	
0,057	26,1942	
0,057	26,1942	
0,0567	26,1915	
0,0567	26,1915	
0,0567	26,1915	
0,0567	26,1915	
0,0564	26,1878	
0,0564	26,1878	
0,0564	26,1878	
0,056	26,1831	
0,056	26,1831	
0,0556	26,1767	
0,017	24,5899	
0,0196	25,0223	
0,0196	25,0223	
0,0191	25,0151	
0,0225	25,3883	
0,0225	25,3883	
0,0225	25,3883	
0,0222	25,3825	
0,0222	25,3825	
0,0218	25,3755	
0,0263	25,6877	
0,0263	25,6877	
0,0263	25,6877	
0,0263	25,6877	
0,026	25,6833	
0,026	25,6833	
0,026	25,6833	
0,0257	25,6778	
0,0257	25,6778	
0,0253	25,6706	
0,0315	25,9193	
0,0315	25,9193	
0,0315	25,9193	
0,0315	25,9193	
0,0315	25,9193	
0,0312	25,9159	
0,0312	25,9159	
0,0312	25,9159	
0,0312	25,9159	
0,031	25,9117	
0,031	25,9117	
0,031	25,9117	
0,0306	25,9062	
0,0306	25,9062	
0,0301	25,8989	
0,0389	26,0783	
0,0389	26,0783	
0,0389	26,0783	
0,0389	26,0783	
0,0389	26,0783	
0,0389	26,0783	
0,0387	26,0759	
0,0387	26,0759	
0,0387	26,0759	
0,0387	26,0759	
0,0387	26,0759	
0,0385	26,0728	
0,0385	26,0728	
0,0385	26,0728	
0,0385	26,0728	
0,0382	26,0686	
0,0382	26,0686	
0,0382	26,0686	
0,0378	26,0631	
0,0378	26,0631	
0,0373	26,056	
0,012	24,3315	
0,0148	24,7952	
0,0148	24,7952	
0,0143	24,7875	
0,0178	25,1922	
0,0178	25,1922	
0,0178	25,1922	
0,0175	25,186	
0,0175	25,186	
0,017	25,1785	
0,0216	25,5224	
0,0216	25,5224	
0,0216	25,5224	
0,0216	25,5224	
0,0212	25,5176	
0,0212	25,5176	
0,0212	25,5176	
0,0209	25,5117	
0,0209	25,5117	
0,0204	25,5039	
0,0264	25,7851	
0,0264	25,7851	
0,0264	25,7851	
0,0264	25,7851	
0,0264	25,7851	
0,0262	25,7815	
0,0262	25,7815	
0,0262	25,7815	
0,0262	25,7815	
0,0258	25,7769	
0,0258	25,7769	
0,0258	25,7769	
0,0254	25,7708	
0,0254	25,7708	
0,0249	25,7628	
0,0063	24,0388	
0,0093	24,5353	
0,0093	24,5353	
0,0088	24,527	
0,0125	24,9649	
0,0125	24,9649	
0,0125	24,9649	
0,0121	24,9583	
0,0121	24,9583	
0,0116	24,9501	
0,0163	25,3276	
0,0163	25,3276	
0,0163	25,3276	
0,0163	25,3276	
0,0159	25,3224	
0,0159	25,3224	
0,0159	25,3224	
0,0155	25,3159	
0,0155	25,3159	
0,015	25,3075	
0,0001	23,7166	
0,0032	24,2462	
0,0032	24,2462	
0,0027	24,2373	
0,0066	24,7091	
0,0066	24,7091	
0,0066	24,7091	
0,0062	24,702	
0,0062	24,702	
0,0056	24,6932	
3,3288	23,3573	
3,0643	23,9233	
3,0643	23,9233	
3,0693	23,9134	
3,8207	22,9349	
