0,2606	19,5168	
0,2832	19,9106	
0,2849	19,9557	
0,2849	19,9557	
0,2848	19,9548	
0,2801	19,8815	
0,3039	20,2453	
0,306	20,2937	
0,306	20,2937	
0,3059	20,2927	
0,3078	20,3219	
0,3078	20,3219	
0,3078	20,3219	
0,3078	20,3212	
0,3078	20,3212	
0,3077	20,3203	
0,3007	20,2154	
0,3033	20,271	
0,3033	20,271	
0,3032	20,2699	
0,2968	20,1799	
0,3226	20,5258	
0,325	20,5772	
0,325	20,5772	
0,3249	20,5761	
0,3271	20,607	
0,3271	20,607	
0,3271	20,607	
0,327	20,6063	
0,327	20,6063	
0,3269	20,6054	
0,3289	20,6134	
0,3289	20,6134	
0,3289	20,6134	
0,3289	20,6134	
0,3289	20,6128	
0,3289	20,6128	
0,3289	20,6128	
0,3288	20,6121	
0,3288	20,6121	
0,3287	20,6112	
0,3192	20,4955	
0,3222	20,5545	
0,3222	20,5545	
0,3221	20,5534	
0,3249	20,5922	
0,3249	20,5922	
0,3249	20,5922	
0,3248	20,5913	
0,3248	20,5913	
0,3247	20,5903	
0,3151	20,4598	
0,3188	20,5269	
0,3188	20,5269	
0,3187	20,5257	
0,31	20,4167	
0,339	20,7578	
0,3417	20,8118	
0,3417	20,8118	
0,3416	20,8107	
0,344	20,8431	
0,344	20,8431	
0,344	20,8431	
0,3439	20,8423	
0,3439	20,8423	
0,3438	20,8414	
0,346	20,8495	
0,346	20,8495	
0,346	20,8495	
0,346	20,8495	
0,3459	20,8489	
0,3459	20,8489	
0,3459	20,8489	
0,3459	20,8482	
0,3459	20,8482	
0,3458	20,8473	
0,3478	20,8256	
0,3478	20,8256	
0,3478	20,8256	
0,3478	20,8256	
0,3478	20,8256	
0,3478	20,8251	
0,3478	20,8251	
0,3478	20,8251	
0,3478	20,8251	
0,3477	20,8246	
0,3477	20,8246	
0,3477	20,8246	
0,3477	20,8239	
0,3477	20,8239	
0,3476	20,823	
0,3354	20,7273	
0,3389	20,7893	
0,3389	20,7893	
0,3388	20,7881	
0,3418	20,8288	
0,3418	20,8288	
0,3418	20,8288	
0,3417	20,828	
0,3417	20,828	
0,3416	20,8269	
0,3445	20,8445	
0,3445	20,8445	
0,3445	20,8445	
0,3445	20,8445	
0,3444	20,8439	
0,3444	20,8439	
0,3444	20,8439	
0,3443	20,8431	
0,3443	20,8431	
0,3442	20,8421	
0,3312	20,6915	
0,3354	20,762	
0,3354	20,762	
0,3353	20,7608	
0,339	20,8099	
0,339	20,8099	
0,339	20,8099	
0,3389	20,809	
0,3389	20,809	
0,3388	20,8078	
0,326	20,6483	
0,331	20,7281	
0,331	20,7281	
0,3309	20,7268	
0,32	20,5997	
0,3531	20,9474	
0,3562	21,0036	
0,3562	21,0036	
0,356	21,0024	
0,3587	21,0361	
0,3587	21,0361	
0,3587	21,0361	
0,3586	21,0352	
0,3586	21,0352	
0,3585	21,0342	
0,3607	21,0425	
0,3607	21,0425	
0,3607	21,0425	
0,3607	21,0425	
0,3607	21,0419	
0,3607	21,0419	
0,3607	21,0419	
0,3606	21,0412	
0,3606	21,0412	
0,3605	21,0402	
0,3626	21,0172	
0,3626	21,0172	
0,3626	21,0172	
0,3626	21,0172	
0,3626	21,0172	
0,3625	21,0168	
0,3625	21,0168	
0,3625	21,0168	
0,3625	21,0168	
0,3625	21,0162	
0,3625	21,0162	
0,3625	21,0162	
0,3624	21,0155	
0,3624	21,0155	
0,3623	21,0146	
0,3643	20,9498	
0,3643	20,9498	
0,3643	20,9498	
0,3643	20,9498	
0,3643	20,9498	
0,3643	20,9498	
0,3642	20,9495	
0,3642	20,9495	
0,3642	20,9495	
0,3642	20,9495	
0,3642	20,9495	
0,3642	20,9491	
0,3642	20,9491	
0,3642	20,9491	
0,3642	20,9491	
0,3641	20,9486	
0,3641	20,9486	
0,3641	20,9486	
0,364	20,9479	
0,364	20,9479	
0,3639	20,947	
0,3495	20,9166	
0,3533	20,9812	
0,3533	20,9812	
0,3531	20,98	
0,3565	21,0223	
0,3565	21,0223	
0,3565	21,0223	
0,3564	21,0214	
0,3564	21,0214	
0,3563	21,0203	
0,3593	21,0385	
0,3593	21,0385	
0,3593	21,0385	
0,3593	21,0385	
0,3593	21,0379	
0,3593	21,0379	
0,3593	21,0379	
0,3592	21,0371	
0,3592	21,0371	
0,359	21,036	
0,362	21,0254	
0,362	21,0254	
0,362	21,0254	
0,362	21,0254	
0,362	21,0254	
0,3619	21,0249	
0,3619	21,0249	
0,3619	21,0249	
0,3619	21,0249	
0,3619	21,0243	
0,3619	21,0243	
0,3619	21,0243	
0,3618	21,0235	
0,3618	21,0235	
0,3617	21,0225	
0,3452	20,8809	
0,3498	20,9543	
0,3498	20,9543	
0,3496	20,953	
0,3537	21,0041	
0,3537	21,0041	
0,3537	21,0041	
0,3536	21,0031	
0,3536	21,0031	
0,3535	21,0019	
0,3572	21,0298	
0,3572	21,0298	
0,3572	21,0298	
0,3572	21,0298	
0,3572	21,0291	
0,3572	21,0291	
0,3572	21,0291	
0,3571	21,0282	
0,3571	21,0282	
0,3569	21,027	
0,3398	20,8377	
0,3453	20,9208	
0,3453	20,9208	
0,3452	20,9193	
0,3501	20,9799	
0,3501	20,9799	
0,3501	20,9799	
0,3499	20,9788	
0,3499	20,9788	
0,3498	20,9775	
0,3336	20,7883	
0,3401	20,8816	
0,3401	20,8816	
0,3399	20,88	
0,3267	20,7341	
0,3652	21,0999	
0,3685	21,158	
0,3685	21,158	
0,3684	21,1568	
0,3712	21,1915	
0,3712	21,1915	
0,3712	21,1915	
0,3711	21,1906	
0,3711	21,1906	
0,371	21,1896	
0,3734	21,198	
0,3734	21,198	
0,3734	21,198	
0,3734	21,198	
0,3733	21,1974	
0,3733	21,1974	
0,3733	21,1974	
0,3732	21,1966	
0,3732	21,1966	
0,3731	21,1956	
0,3752	21,1715	
0,3752	21,1715	
0,3752	21,1715	
0,3752	21,1715	
0,3752	21,1715	
0,3751	21,171	
0,3751	21,171	
0,3751	21,171	
0,3751	21,171	
0,375	21,1705	
0,375	21,1705	
0,375	21,1705	
0,375	21,1697	
0,375	21,1697	
0,3748	21,1688	
0,3767	21,1013	
0,3767	21,1013	
0,3767	21,1013	
0,3767	21,1013	
0,3767	21,1013	
0,3767	21,1013	
0,3766	21,101	
0,3766	21,101	
0,3766	21,101	
0,3766	21,101	
0,3766	21,101	
0,3766	21,1006	
0,3766	21,1006	
0,3766	21,1006	
0,3766	21,1006	
0,3765	21,10	
0,3765	21,10	
0,3765	21,10	
0,3764	21,0993	
0,3764	21,0993	
0,3763	21,0984	
0,378	20,9703	
0,378	20,9703	
0,378	20,9703	
0,378	20,9703	
0,378	20,9703	
0,378	20,9703	
0,3779	20,9701	
0,3779	20,9701	
0,3779	20,9701	
0,3779	20,9701	
0,3779	20,9701	
0,3779	20,9697	
0,3779	20,9697	
0,3779	20,9697	
0,3779	20,9697	
0,3778	20,9692	
0,3778	20,9692	
0,3778	20,9692	
0,3778	20,9685	
0,3778	20,9685	
0,3776	20,9677	
0,3615	21,069	
0,3656	21,1358	
0,3656	21,1358	
0,3654	21,1345	
0,369	21,1783	
0,369	21,1783	
0,369	21,1783	
0,3689	21,1773	
0,3689	21,1773	
0,3688	21,1762	
0,372	21,1949	
0,372	21,1949	
0,372	21,1949	
0,372	21,1949	
0,3719	21,1942	
0,3719	21,1942	
0,3719	21,1942	
0,3718	21,1933	
0,3718	21,1933	
0,3717	21,1922	
0,3747	21,181	
0,3747	21,181	
0,3747	21,181	
0,3747	21,181	
0,3747	21,181	
0,3747	21,1805	
0,3747	21,1805	
0,3747	21,1805	
0,3747	21,1805	
0,3746	21,1799	
0,3746	21,1799	
0,3746	21,1799	
0,3745	21,1791	
0,3745	21,1791	
0,3744	21,178	
0,3774	21,1277	
0,3774	21,1277	
0,3774	21,1277	
0,3774	21,1277	
0,3774	21,1277	
0,3774	21,1277	
0,3773	21,1274	
0,3773	21,1274	
0,3773	21,1274	
0,3773	21,1274	
0,3773	21,1274	
0,3773	21,1269	
0,3773	21,1269	
0,3773	21,1269	
0,3773	21,1269	
0,3772	21,1263	
0,3772	21,1263	
0,3772	21,1263	
0,3771	21,1256	
0,3771	21,1256	
0,377	21,1246	
0,3571	21,0334	
0,362	21,1092	
0,362	21,1092	
0,3619	21,1079	
0,3663	21,1606	
0,3663	21,1606	
0,3663	21,1606	
0,3661	21,1596	
0,3661	21,1596	
0,366	21,1584	
0,37	21,187	
0,37	21,187	
0,37	21,187	
0,37	21,187	
0,3699	21,1862	
0,3699	21,1862	
0,3699	21,1862	
0,3698	21,1853	
0,3698	21,1853	
0,3696	21,1841	
0,3735	21,1848	
0,3735	21,1848	
0,3735	21,1848	
0,3735	21,1848	
0,3735	21,1848	
0,3734	21,1843	
0,3734	21,1843	
0,3734	21,1843	
0,3734	21,1843	
0,3733	21,1836	
0,3733	21,1836	
0,3733	21,1836	
0,3732	21,1828	
0,3732	21,1828	
0,3731	21,1816	
0,3516	20,9902	
0,3575	21,076	
0,3575	21,076	
0,3574	21,0745	
0,3626	21,137	
0,3626	21,137	
0,3626	21,137	
0,3625	21,1359	
0,3625	21,1359	
0,3623	21,1345	
0,3671	21,1734	
0,3671	21,1734	
0,3671	21,1734	
0,3671	21,1734	
0,367	21,1726	
0,367	21,1726	
0,367	21,1726	
0,3669	21,1716	
0,3669	21,1716	
0,3667	21,1703	
0,3452	20,9402	
0,3522	21,0367	
0,3522	21,0367	
0,352	21,035	
0,3582	21,1076	
0,3582	21,1076	
0,3582	21,1076	
0,358	21,1064	
0,358	21,1064	
0,3578	21,1049	
0,338	20,8849	
0,3461	20,9924	
0,3461	20,9924	
0,3459	20,9906	
0,3291	20,8183	
0,3755	21,2203	
0,379	21,2799	
0,379	21,2799	
0,3789	21,2787	
0,3818	21,3142	
0,3818	21,3142	
0,3818	21,3142	
0,3817	21,3133	
0,3817	21,3133	
0,3816	21,3122	
0,3841	21,3207	
0,3841	21,3207	
0,3841	21,3207	
0,3841	21,3207	
0,384	21,3201	
0,384	21,3201	
0,384	21,3201	
0,3839	21,3193	
0,3839	21,3193	
0,3838	21,3182	
0,3858	21,2932	
0,3858	21,2932	
0,3858	21,2932	
0,3858	21,2932	
0,3858	21,2932	
0,3858	21,2928	
0,3858	21,2928	
0,3858	21,2928	
0,3858	21,2928	
0,3857	21,2922	
0,3857	21,2922	
0,3857	21,2922	
0,3856	21,2914	
0,3856	21,2914	
0,3855	21,2904	
0,3872	21,2208	
0,3872	21,2208	
0,3872	21,2208	
0,3872	21,2208	
0,3872	21,2208	
0,3872	21,2208	
0,3872	21,2204	
0,3872	21,2204	
0,3872	21,2204	
0,3872	21,2204	
0,3872	21,2204	
0,3871	21,22	
0,3871	21,22	
0,3871	21,22	
0,3871	21,22	
0,387	21,2195	
0,387	21,2195	
0,387	21,2195	
0,387	21,2188	
0,387	21,2188	
0,3868	21,2178	
0,3882	21,0858	
0,3882	21,0858	
0,3882	21,0858	
0,3882	21,0858	
0,3882	21,0858	
0,3882	21,0858	
0,3881	21,0855	
0,3881	21,0855	
0,3881	21,0855	
0,3881	21,0855	
0,3881	21,0855	
0,3881	21,0851	
0,3881	21,0851	
0,3881	21,0851	
0,3881	21,0851	
0,388	21,0846	
0,388	21,0846	
0,388	21,0846	
0,3879	21,0839	
0,3879	21,0839	
0,3878	21,0831	
0,3888	20,8636	
0,3888	20,8636	
0,3888	20,8636	
0,3888	20,8636	
0,3888	20,8636	
0,3888	20,8636	
0,3888	20,8633	
0,3888	20,8633	
0,3888	20,8633	
0,3888	20,8633	
0,3888	20,8633	
0,3888	20,863	
0,3888	20,863	
0,3888	20,863	
0,3888	20,863	
0,3887	20,8625	
0,3887	20,8625	
0,3887	20,8625	
0,3886	20,8619	
0,3886	20,8619	
0,3885	20,861	
0,3717	21,1893	
0,376	21,2578	
0,376	21,2578	
0,3759	21,2565	
0,3797	21,3014	
0,3797	21,3014	
0,3797	21,3014	
0,3796	21,3004	
0,3796	21,3004	
0,3794	21,2992	
0,3828	21,3183	
0,3828	21,3183	
0,3828	21,3183	
0,3828	21,3183	
0,3827	21,3176	
0,3827	21,3176	
0,3827	21,3176	
0,3826	21,3167	
0,3826	21,3167	
0,3825	21,3156	
0,3855	21,3038	
0,3855	21,3038	
0,3855	21,3038	
0,3855	21,3038	
0,3855	21,3038	
0,3855	21,3033	
0,3855	21,3033	
0,3855	21,3033	
0,3855	21,3033	
0,3854	21,3027	
0,3854	21,3027	
0,3854	21,3027	
0,3853	21,3018	
0,3853	21,3018	
0,3851	21,3008	
0,3881	21,2488	
0,3881	21,2488	
0,3881	21,2488	
0,3881	21,2488	
0,3881	21,2488	
0,3881	21,2488	
0,3881	21,2484	
0,3881	21,2484	
0,3881	21,2484	
0,3881	21,2484	
0,3881	21,2484	
0,388	21,248	
0,388	21,248	
0,388	21,248	
0,388	21,248	
0,3879	21,2474	
0,3879	21,2474	
0,3879	21,2474	
0,3878	21,2466	
0,3878	21,2466	
0,3877	21,2456	
0,3907	21,138	
0,3907	21,138	
0,3907	21,138	
0,3907	21,138	
0,3907	21,138	
0,3907	21,138	
0,3906	21,1376	
0,3906	21,1376	
0,3906	21,1376	
0,3906	21,1376	
0,3906	21,1376	
0,3906	21,1372	
0,3906	21,1372	
0,3906	21,1372	
0,3906	21,1372	
0,3905	21,1367	
0,3905	21,1367	
0,3905	21,1367	
0,3904	21,1359	
0,3904	21,1359	
0,3903	21,135	
0,3672	21,1538	
0,3725	21,2315	
0,3725	21,2315	
0,3723	21,2301	
0,3769	21,2842	
0,3769	21,2842	
0,3769	21,2842	
0,3768	21,2832	
0,3768	21,2832	
0,3766	21,2819	
0,3808	21,3111	
0,3808	21,3111	
0,3808	21,3111	
0,3808	21,3111	
0,3807	21,3104	
0,3807	21,3104	
0,3807	21,3104	
0,3806	21,3094	
0,3806	21,3094	
0,3804	21,3082	
0,3844	21,3087	
0,3844	21,3087	
0,3844	21,3087	
0,3844	21,3087	
0,3844	21,3087	
0,3843	21,3082	
0,3843	21,3082	
0,3843	21,3082	
0,3843	21,3082	
0,3842	21,3075	
0,3842	21,3075	
0,3842	21,3075	
0,3841	21,3066	
0,3841	21,3066	
0,384	21,3054	
0,388	21,2694	
0,388	21,2694	
0,388	21,2694	
0,388	21,2694	
0,388	21,2694	
0,388	21,2694	
0,3879	21,269	
0,3879	21,269	
0,3879	21,269	
0,3879	21,269	
0,3879	21,269	
0,3878	21,2685	
0,3878	21,2685	
0,3878	21,2685	
0,3878	21,2685	
0,3878	21,2679	
0,3878	21,2679	
0,3878	21,2679	
0,3876	21,267	
0,3876	21,267	
0,3875	21,2659	
0,3616	21,1106	
0,3679	21,1986	
0,3679	21,1986	
0,3677	21,1971	
0,3733	21,2611	
0,3733	21,2611	
0,3733	21,2611	
0,3731	21,26	
0,3731	21,26	
0,373	21,2586	
0,378	21,2984	
0,378	21,2984	
0,378	21,2984	
0,378	21,2984	
0,3779	21,2975	
0,3779	21,2975	
0,3779	21,2975	
0,3778	21,2965	
0,3778	21,2965	
0,3776	21,2951	
0,3824	21,3079	
0,3824	21,3079	
0,3824	21,3079	
0,3824	21,3079	
0,3824	21,3079	
0,3823	21,3073	
0,3823	21,3073	
0,3823	21,3073	
0,3823	21,3073	
0,3822	21,3065	
0,3822	21,3065	
0,3822	21,3065	
0,3821	21,3055	
0,3821	21,3055	
0,3819	21,3042	
0,3551	21,0602	
0,3625	21,1592	
0,3625	21,1592	
0,3622	21,1575	
0,3688	21,232	
0,3688	21,232	
0,3688	21,232	
0,3686	21,2308	
0,3686	21,2308	
0,3684	21,2293	
0,3744	21,2797	
0,3744	21,2797	
0,3744	21,2797	
0,3744	21,2797	
0,3742	21,2788	
0,3742	21,2788	
0,3742	21,2788	
0,3741	21,2776	
0,3741	21,2776	
0,3739	21,2761	
0,3476	21,0041	
0,3562	21,1146	
0,3562	21,1146	
0,356	21,1127	
0,3636	21,1979	
0,3636	21,1979	
0,3636	21,1979	
0,3634	21,1965	
0,3634	21,1965	
0,3631	21,1948	
0,3385	20,9368	
0,3485	21,0602	
0,3485	21,0602	
0,3482	21,0582	
0,3279	20,8591	
0,3842	21,3121	
0,3879	21,3728	
0,3879	21,3728	
0,3878	21,3716	
0,3909	21,4078	
0,3909	21,4078	
0,3909	21,4078	
0,3908	21,4069	
0,3908	21,4069	
0,3906	21,4058	
0,3932	21,4143	
0,3932	21,4143	
0,3932	21,4143	
0,3932	21,4143	
0,3931	21,4137	
0,3931	21,4137	
0,3931	21,4137	
0,393	21,4129	
0,393	21,4129	
0,3929	21,4118	
0,3949	21,3861	
0,3949	21,3861	
0,3949	21,3861	
0,3949	21,3861	
0,3949	21,3861	
0,3949	21,3856	
0,3949	21,3856	
0,3949	21,3856	
0,3949	21,3856	
0,3948	21,385	
0,3948	21,385	
0,3948	21,385	
0,3947	21,3842	
0,3947	21,3842	
0,3946	21,3832	
0,3961	21,3118	
0,3961	21,3118	
0,3961	21,3118	
0,3961	21,3118	
0,3961	21,3118	
0,3961	21,3118	
0,3961	21,3115	
0,3961	21,3115	
0,3961	21,3115	
0,3961	21,3115	
0,3961	21,3115	
0,396	21,3111	
0,396	21,3111	
0,396	21,3111	
0,396	21,3111	
0,396	21,3105	
0,396	21,3105	
0,396	21,3105	
0,3959	21,3098	
0,3959	21,3098	
0,3958	21,3088	
0,3968	21,1737	
0,3968	21,1737	
0,3968	21,1737	
0,3968	21,1737	
0,3968	21,1737	
0,3968	21,1737	
0,3968	21,1734	
0,3968	21,1734	
0,3968	21,1734	
0,3968	21,1734	
0,3968	21,1734	
0,3967	21,173	
0,3967	21,173	
0,3967	21,173	
0,3967	21,173	
0,3967	21,1725	
0,3967	21,1725	
0,3967	21,1725	
0,3966	21,1718	
0,3966	21,1718	
0,3965	21,1709	
0,397	20,9465	
0,397	20,9465	
0,397	20,9465	
0,397	20,9465	
0,397	20,9465	
0,397	20,9465	
0,397	20,9462	
0,397	20,9462	
0,397	20,9462	
0,397	20,9462	
0,397	20,9462	
0,3969	20,9459	
0,3969	20,9459	
0,3969	20,9459	
0,3969	20,9459	
0,3969	20,9454	
0,3969	20,9454	
0,3969	20,9454	
0,3968	20,9448	
0,3968	20,9448	
0,3967	20,9439	
0,3967	20,5969	
0,3967	20,5969	
0,3967	20,5969	
0,3967	20,5969	
0,3967	20,5969	
0,3967	20,5969	
0,3967	20,5966	
0,3967	20,5966	
0,3967	20,5966	
0,3967	20,5966	
0,3967	20,5966	
0,3966	20,5963	
0,3966	20,5963	
0,3966	20,5963	
0,3966	20,5963	
0,3966	20,5959	
0,3966	20,5959	
0,3966	20,5959	
0,3965	20,5953	
0,3965	20,5953	
0,3964	20,5945	
0,3803	21,2811	
0,3849	21,3509	
0,3849	21,3509	
0,3848	21,3496	
0,3887	21,3953	
0,3887	21,3953	
0,3887	21,3953	
0,3886	21,3943	
0,3886	21,3943	
0,3885	21,3931	
0,3919	21,4125	
0,3919	21,4125	
0,3919	21,4125	
0,3919	21,4125	
0,3919	21,4117	
0,3919	21,4117	
0,3919	21,4117	
0,3918	21,4109	
0,3918	21,4109	
0,3916	21,4097	
0,3947	21,3975	
0,3947	21,3975	
0,3947	21,3975	
0,3947	21,3975	
0,3947	21,3975	
0,3946	21,397	
0,3946	21,397	
0,3946	21,397	
0,3946	21,397	
0,3946	21,3963	
0,3946	21,3963	
0,3946	21,3963	
0,3945	21,3955	
0,3945	21,3955	
0,3943	21,3944	
0,3972	21,341	
0,3972	21,341	
0,3972	21,341	
0,3972	21,341	
0,3972	21,341	
0,3972	21,341	
0,3972	21,3407	
0,3972	21,3407	
0,3972	21,3407	
0,3972	21,3407	
0,3972	21,3407	
0,3971	21,3402	
0,3971	21,3402	
0,3971	21,3402	
0,3971	21,3402	
0,397	21,3396	
0,397	21,3396	
0,397	21,3396	
0,3969	21,3388	
0,3969	21,3388	
0,3968	21,3378	
0,3996	21,2276	
0,3996	21,2276	
0,3996	21,2276	
0,3996	21,2276	
0,3996	21,2276	
0,3996	21,2276	
0,3995	21,2273	
0,3995	21,2273	
0,3995	21,2273	
0,3995	21,2273	
0,3995	21,2273	
0,3995	21,2268	
0,3995	21,2268	
0,3995	21,2268	
0,3995	21,2268	
0,3994	21,2263	
0,3994	21,2263	
0,3994	21,2263	
0,3993	21,2255	
0,3993	21,2255	
0,3992	21,2245	
0,4021	21,0348	
0,4021	21,0348	
0,4021	21,0348	
0,4021	21,0348	
0,4021	21,0348	
0,4021	21,0348	
0,402	21,0346	
0,402	21,0346	
0,402	21,0346	
0,402	21,0346	
0,402	21,0346	
0,402	21,0342	
0,402	21,0342	
0,402	21,0342	
0,402	21,0342	
0,4019	21,0336	
0,4019	21,0336	
0,4019	21,0336	
0,4018	21,0329	
0,4018	21,0329	
0,4017	21,032	
0,3758	21,2456	
0,3813	21,3249	
0,3813	21,3249	
0,3812	21,3234	
0,386	21,3786	
0,386	21,3786	
0,386	21,3786	
0,3859	21,3775	
0,3859	21,3775	
0,3857	21,3762	
0,39	21,4059	
0,39	21,4059	
0,39	21,4059	
0,39	21,4059	
0,3899	21,4051	
0,3899	21,4051	
0,3899	21,4051	
0,3898	21,4042	
0,3898	21,4042	
0,3896	21,4029	
0,3937	21,4032	
0,3937	21,4032	
0,3937	21,4032	
0,3937	21,4032	
0,3937	21,4032	
0,3936	21,4027	
0,3936	21,4027	
0,3936	21,4027	
0,3936	21,4027	
0,3935	21,402	
0,3935	21,402	
0,3935	21,402	
0,3934	21,401	
0,3934	21,401	
0,3932	21,3998	
0,3972	21,3628	
0,3972	21,3628	
0,3972	21,3628	
0,3972	21,3628	
0,3972	21,3628	
0,3972	21,3628	
0,3972	21,3624	
0,3972	21,3624	
0,3972	21,3624	
0,3972	21,3624	
0,3972	21,3624	
0,3971	21,3619	
0,3971	21,3619	
0,3971	21,3619	
0,3971	21,3619	
0,397	21,3613	
0,397	21,3613	
0,397	21,3613	
0,3969	21,3604	
0,3969	21,3604	
0,3967	21,3592	
0,4009	21,2714	
0,4009	21,2714	
0,4009	21,2714	
0,4009	21,2714	
0,4009	21,2714	
0,4009	21,2714	
0,4009	21,2711	
0,4009	21,2711	
0,4009	21,2711	
0,4009	21,2711	
0,4009	21,2711	
0,4008	21,2706	
0,4008	21,2706	
0,4008	21,2706	
0,4008	21,2706	
0,4007	21,27	
0,4007	21,27	
0,4007	21,27	
0,4006	21,2691	
0,4006	21,2691	
0,4004	21,268	
0,3702	21,2025	
0,3768	21,2922	
0,3768	21,2922	
0,3766	21,2906	
0,3824	21,3559	
0,3824	21,3559	
0,3824	21,3559	
0,3822	21,3548	
0,3822	21,3548	
0,382	21,3533	
0,3873	21,3938	
0,3873	21,3938	
0,3873	21,3938	
0,3873	21,3938	
0,3872	21,3929	
0,3872	21,3929	
0,3872	21,3929	
0,387	21,3919	
0,387	21,3919	
0,3868	21,3905	
0,3918	21,4033	
0,3918	21,4033	
0,3918	21,4033	
0,3918	21,4033	
0,3918	21,4033	
0,3917	21,4027	
0,3917	21,4027	
0,3917	21,4027	
0,3917	21,4027	
0,3916	21,4019	
0,3916	21,4019	
0,3916	21,4019	
0,3914	21,4009	
0,3914	21,4009	
0,3912	21,3996	
0,3962	21,3784	
0,3962	21,3784	
0,3962	21,3784	
0,3962	21,3784	
0,3962	21,3784	
0,3962	21,3784	
0,3962	21,378	
0,3962	21,378	
0,3962	21,378	
0,3962	21,378	
0,3962	21,378	
0,3961	21,3775	
0,3961	21,3775	
0,3961	21,3775	
0,3961	21,3775	
0,396	21,3767	
0,396	21,3767	
0,396	21,3767	
0,3958	21,3758	
0,3958	21,3758	
0,3957	21,3745	
0,3635	21,1518	
0,3712	21,2528	
0,3712	21,2528	
0,371	21,2511	
0,3778	21,3271	
0,3778	21,3271	
0,3778	21,3271	
0,3777	21,3258	
0,3777	21,3258	
0,3775	21,3243	
0,3836	21,3757	
0,3836	21,3757	
0,3836	21,3757	
0,3836	21,3757	
0,3835	21,3747	
0,3835	21,3747	
0,3835	21,3747	
0,3833	21,3736	
0,3833	21,3736	
0,3831	21,3721	
0,389	21,3971	
0,389	21,3971	
0,389	21,3971	
0,389	21,3971	
0,389	21,3971	
0,3889	21,3964	
0,3889	21,3964	
0,3889	21,3964	
0,3889	21,3964	
0,3887	21,3956	
0,3887	21,3956	
0,3887	21,3956	
0,3886	21,3944	
0,3886	21,3944	
0,3884	21,393	
0,3558	21,0951	
0,3649	21,2079	
0,3649	21,2079	
0,3646	21,206	
0,3725	21,293	
0,3725	21,293	
0,3725	21,293	
0,3724	21,2916	
0,3724	21,2916	
0,3721	21,2899	
0,3793	21,3521	
0,3793	21,3521	
0,3793	21,3521	
0,3793	21,3521	
0,3791	21,3511	
0,3791	21,3511	
0,3791	21,3511	
0,3789	21,3498	
0,3789	21,3498	
0,3787	21,3481	
0,3466	21,0273	
0,357	21,1535	
0,357	21,1535	
0,3567	21,1514	
0,366	21,2505	
0,366	21,2505	
0,366	21,2505	
0,3657	21,249	
0,3657	21,249	
0,3655	21,2471	
0,3357	20,9489	
0,3478	21,0896	
0,3478	21,0896	
0,3474	21,0873	
0,3228	20,8572	
0,3918	21,3774	
0,3957	21,4389	
0,3957	21,4389	
0,3955	21,4377	
0,3987	21,4743	
0,3987	21,4743	
0,3987	21,4743	
0,3986	21,4734	
0,3986	21,4734	
0,3985	21,4723	
0,401	21,4808	
0,401	21,4808	
0,401	21,4808	
0,401	21,4808	
0,401	21,4802	
0,401	21,4802	
0,401	21,4802	
0,4009	21,4793	
0,4009	21,4793	
0,4007	21,4783	
0,4027	21,452	
0,4027	21,452	
0,4027	21,452	
0,4027	21,452	
0,4027	21,452	
0,4027	21,4515	
0,4027	21,4515	
0,4027	21,4515	
0,4027	21,4515	
0,4026	21,4509	
0,4026	21,4509	
0,4026	21,4509	
0,4025	21,4501	
0,4025	21,4501	
0,4024	21,4491	
0,4038	21,3764	
0,4038	21,3764	
0,4038	21,3764	
0,4038	21,3764	
0,4038	21,3764	
0,4038	21,3764	
0,4038	21,3761	
0,4038	21,3761	
0,4038	21,3761	
0,4038	21,3761	
0,4038	21,3761	
0,4037	21,3757	
0,4037	21,3757	
0,4037	21,3757	
0,4037	21,3757	
0,4037	21,3751	
0,4037	21,3751	
0,4037	21,3751	
0,4036	21,3743	
0,4036	21,3743	
0,4035	21,3734	
0,4043	21,2359	
0,4043	21,2359	
0,4043	21,2359	
0,4043	21,2359	
0,4043	21,2359	
0,4043	21,2359	
0,4042	21,2357	
0,4042	21,2357	
0,4042	21,2357	
0,4042	21,2357	
0,4042	21,2357	
0,4042	21,2353	
0,4042	21,2353	
0,4042	21,2353	
0,4042	21,2353	
0,4041	21,2347	
0,4041	21,2347	
0,4041	21,2347	
0,404	21,234	
0,404	21,234	
0,4039	21,2331	
0,404	21,0052	
0,404	21,0052	
0,404	21,0052	
0,404	21,0052	
0,404	21,0052	
0,404	21,0052	
0,404	21,0049	
0,404	21,0049	
0,404	21,0049	
0,404	21,0049	
0,404	21,0049	
0,404	21,0045	
0,404	21,0045	
0,404	21,0045	
0,404	21,0045	
0,4039	21,0041	
0,4039	21,0041	
0,4039	21,0041	
0,4038	21,0034	
0,4038	21,0034	
0,4037	21,0026	
0,4031	20,6504	
0,4031	20,6504	
0,4031	20,6504	
0,4031	20,6504	
0,4031	20,6504	
0,4031	20,6504	
0,4031	20,6501	
0,4031	20,6501	
0,4031	20,6501	
0,4031	20,6501	
0,4031	20,6501	
0,403	20,6498	
0,403	20,6498	
0,403	20,6498	
0,403	20,6498	
0,403	20,6494	
0,403	20,6494	
0,403	20,6494	
0,4029	20,6488	
0,4029	20,6488	
0,4028	20,648	
0,4015	20,1327	
0,4015	20,1327	
0,4015	20,1327	
0,4015	20,1327	
0,4015	20,1327	
0,4015	20,1327	
0,4014	20,1325	
0,4014	20,1325	
0,4014	20,1325	
0,4014	20,1325	
0,4014	20,1325	
0,4014	20,1322	
0,4014	20,1322	
0,4014	20,1322	
0,4014	20,1322	
0,4013	20,1318	
0,4013	20,1318	
0,4013	20,1318	
0,4013	20,1313	
0,4013	20,1313	
0,4012	20,1307	
0,3878	21,3463	
0,3926	21,4171	
0,3926	21,4171	
0,3925	21,4158	
0,3966	21,4621	
0,3966	21,4621	
0,3966	21,4621	
0,3965	21,4611	
0,3965	21,4611	
0,3963	21,4599	
0,3999	21,4794	
0,3999	21,4794	
0,3999	21,4794	
0,3999	21,4794	
0,3998	21,4787	
0,3998	21,4787	
0,3998	21,4787	
0,3997	21,4778	
0,3997	21,4778	
0,3995	21,4766	
0,4026	21,4641	
0,4026	21,4641	
0,4026	21,4641	
0,4026	21,4641	
0,4026	21,4641	
0,4026	21,4636	
0,4026	21,4636	
0,4026	21,4636	
0,4026	21,4636	
0,4025	21,4629	
0,4025	21,4629	
0,4025	21,4629	
0,4024	21,4621	
0,4024	21,4621	
0,4022	21,4609	
0,4051	21,4066	
0,4051	21,4066	
0,4051	21,4066	
0,4051	21,4066	
0,4051	21,4066	
0,4051	21,4066	
0,405	21,4062	
0,405	21,4062	
0,405	21,4062	
0,405	21,4062	
0,405	21,4062	
0,4049	21,4058	
0,4049	21,4058	
0,4049	21,4058	
0,4049	21,4058	
0,4049	21,4051	
0,4049	21,4051	
0,4049	21,4051	
0,4048	21,4043	
0,4048	21,4043	
0,4046	21,4033	
0,4072	21,2912	
0,4072	21,2912	
0,4072	21,2912	
0,4072	21,2912	
0,4072	21,2912	
0,4072	21,2912	
0,4072	21,2909	
0,4072	21,2909	
0,4072	21,2909	
0,4072	21,2909	
0,4072	21,2909	
0,4071	21,2904	
0,4071	21,2904	
0,4071	21,2904	
0,4071	21,2904	
0,4071	21,2898	
0,4071	21,2898	
0,4071	21,2898	
0,407	21,2891	
0,407	21,2891	
0,4068	21,2881	
0,4094	21,0953	
0,4094	21,0953	
0,4094	21,0953	
0,4094	21,0953	
0,4094	21,0953	
0,4094	21,0953	
0,4094	21,095	
0,4094	21,095	
0,4094	21,095	
0,4094	21,095	
0,4094	21,095	
0,4093	21,0946	
0,4093	21,0946	
0,4093	21,0946	
0,4093	21,0946	
0,4092	21,0941	
0,4092	21,0941	
0,4092	21,0941	
0,4091	21,0933	
0,4091	21,0933	
0,409	21,0924	
0,4117	20,7878	
0,4117	20,7878	
0,4117	20,7878	
0,4117	20,7878	
0,4117	20,7878	
0,4117	20,7878	
0,4116	20,7876	
0,4116	20,7876	
0,4116	20,7876	
0,4116	20,7876	
0,4116	20,7876	
0,4116	20,7872	
0,4116	20,7872	
0,4116	20,7872	
0,4116	20,7872	
0,4115	20,7867	
0,4115	20,7867	
0,4115	20,7867	
0,4114	20,7861	
0,4114	20,7861	
0,4112	20,7852	
0,3833	21,311	
0,389	21,3913	
0,389	21,3913	
0,3888	21,3899	
0,3938	21,4457	
0,3938	21,4457	
0,3938	21,4457	
0,3937	21,4446	
0,3937	21,4446	
0,3935	21,4433	
0,398	21,4733	
0,398	21,4733	
0,398	21,4733	
0,398	21,4733	
0,3979	21,4725	
0,3979	21,4725	
0,3979	21,4725	
0,3978	21,4716	
0,3978	21,4716	
0,3976	21,4703	
0,4017	21,4704	
0,4017	21,4704	
0,4017	21,4704	
0,4017	21,4704	
0,4017	21,4704	
0,4016	21,4699	
0,4016	21,4699	
0,4016	21,4699	
0,4016	21,4699	
0,4015	21,4692	
0,4015	21,4692	
0,4015	21,4692	
0,4014	21,4682	
0,4014	21,4682	
0,4012	21,467	
0,4052	21,4292	
0,4052	21,4292	
0,4052	21,4292	
0,4052	21,4292	
0,4052	21,4292	
0,4052	21,4292	
0,4051	21,4288	
0,4051	21,4288	
0,4051	21,4288	
0,4051	21,4288	
0,4051	21,4288	
0,4051	21,4283	
0,4051	21,4283	
0,4051	21,4283	
0,4051	21,4283	
0,405	21,4276	
0,405	21,4276	
0,405	21,4276	
0,4048	21,4267	
0,4048	21,4267	
0,4047	21,4256	
0,4088	21,3361	
0,4088	21,3361	
0,4088	21,3361	
0,4088	21,3361	
0,4088	21,3361	
0,4088	21,3361	
0,4087	21,3358	
0,4087	21,3358	
0,4087	21,3358	
0,4087	21,3358	
0,4087	21,3358	
0,4086	21,3353	
0,4086	21,3353	
0,4086	21,3353	
0,4086	21,3353	
0,4086	21,3346	
0,4086	21,3346	
0,4086	21,3346	
0,4084	21,3338	
0,4084	21,3338	
0,4083	21,3327	
0,4128	21,1714	
0,4128	21,1714	
0,4128	21,1714	
0,4128	21,1714	
0,4128	21,1714	
0,4128	21,1714	
0,4127	21,171	
0,4127	21,171	
0,4127	21,171	
0,4127	21,171	
0,4127	21,171	
0,4127	21,1706	
0,4127	21,1706	
0,4127	21,1706	
0,4127	21,1706	
0,4126	21,17	
0,4126	21,17	
0,4126	21,17	
0,4124	21,1692	
0,4124	21,1692	
0,4123	21,1682	
0,3776	21,268	
0,3844	21,3589	
0,3844	21,3589	
0,3842	21,3573	
0,3902	21,4235	
0,3902	21,4235	
0,3902	21,4235	
0,3901	21,4223	
0,3901	21,4223	
0,3899	21,4208	
0,3953	21,4618	
0,3953	21,4618	
0,3953	21,4618	
0,3953	21,4618	
0,3952	21,4609	
0,3952	21,4609	
0,3952	21,4609	
0,395	21,4598	
0,395	21,4598	
0,3948	21,4584	
0,3999	21,4713	
0,3999	21,4713	
0,3999	21,4713	
0,3999	21,4713	
0,3999	21,4713	
0,3998	21,4706	
0,3998	21,4706	
0,3998	21,4706	
0,3998	21,4706	
0,3997	21,4699	
0,3997	21,4699	
0,3997	21,4699	
0,3995	21,4688	
0,3995	21,4688	
0,3993	21,4675	
0,4043	21,4458	
0,4043	21,4458	
0,4043	21,4458	
0,4043	21,4458	
0,4043	21,4458	
0,4043	21,4458	
0,4043	21,4453	
0,4043	21,4453	
0,4043	21,4453	
0,4043	21,4453	
0,4043	21,4453	
0,4042	21,4448	
0,4042	21,4448	
0,4042	21,4448	
0,4042	21,4448	
0,4041	21,444	
0,4041	21,444	
0,4041	21,444	
0,4039	21,4431	
0,4039	21,4431	
0,4037	21,4418	
0,409	21,374	
0,409	21,374	
0,409	21,374	
0,409	21,374	
0,409	21,374	
0,409	21,374	
0,409	21,3736	
0,409	21,3736	
0,409	21,3736	
0,409	21,3736	
0,409	21,3736	
0,4089	21,3731	
0,4089	21,3731	
0,4089	21,3731	
0,4089	21,3731	
0,4088	21,3723	
0,4088	21,3723	
0,4088	21,3723	
0,4086	21,3714	
0,4086	21,3714	
0,4085	21,3702	
0,3708	21,2171	
0,3788	21,3196	
0,3788	21,3196	
0,3786	21,3178	
0,3857	21,3949	
0,3857	21,3949	
0,3857	21,3949	
0,3855	21,3936	
0,3855	21,3936	
0,3853	21,392	
0,3917	21,4441	
0,3917	21,4441	
0,3917	21,4441	
0,3917	21,4441	
0,3915	21,4432	
0,3915	21,4432	
0,3915	21,4432	
0,3914	21,442	
0,3914	21,442	
0,3911	21,4405	
0,3971	21,4658	
0,3971	21,4658	
0,3971	21,4658	
0,3971	21,4658	
0,3971	21,4658	
0,397	21,4651	
0,397	21,4651	
0,397	21,4651	
0,397	21,4651	
0,3969	21,4642	
0,3969	21,4642	
0,3969	21,4642	
0,3967	21,4631	
0,3967	21,4631	
0,3965	21,4616	
0,4024	21,4552	
0,4024	21,4552	
0,4024	21,4552	
0,4024	21,4552	
0,4024	21,4552	
0,4024	21,4552	
0,4023	21,4547	
0,4023	21,4547	
0,4023	21,4547	
0,4023	21,4547	
0,4023	21,4547	
0,4023	21,4541	
0,4023	21,4541	
0,4023	21,4541	
0,4023	21,4541	
0,4021	21,4533	
0,4021	21,4533	
0,4021	21,4533	
0,402	21,4522	
0,402	21,4522	
0,4017	21,4508	
0,363	21,16	
0,3724	21,2745	
0,3724	21,2745	
0,3721	21,2726	
0,3803	21,361	
0,3803	21,361	
0,3803	21,361	
0,3801	21,3595	
0,3801	21,3595	
0,3799	21,3578	
0,3873	21,421	
0,3873	21,421	
0,3873	21,421	
0,3873	21,421	
0,3871	21,4199	
0,3871	21,4199	
0,3871	21,4199	
0,3869	21,4186	
0,3869	21,4186	
0,3867	21,4169	
0,3936	21,4541	
0,3936	21,4541	
0,3936	21,4541	
0,3936	21,4541	
0,3936	21,4541	
0,3934	21,4534	
0,3934	21,4534	
0,3934	21,4534	
0,3934	21,4534	
0,3933	21,4524	
0,3933	21,4524	
0,3933	21,4524	
0,3931	21,4512	
0,3931	21,4512	
0,3928	21,4495	
0,3536	21,0921	
0,3645	21,2201	
0,3645	21,2201	
0,3642	21,218	
0,3737	21,3187	
0,3737	21,3187	
0,3737	21,3187	
0,3735	21,3172	
0,3735	21,3172	
0,3732	21,3152	
0,3817	21,3903	
0,3817	21,3903	
0,3817	21,3903	
0,3817	21,3903	
0,3816	21,3891	
0,3816	21,3891	
0,3816	21,3891	
0,3813	21,3877	
0,3813	21,3877	
0,3811	21,3858	
0,3425	21,0131	
0,3551	21,1562	
0,3551	21,1562	
0,3547	21,1538	
0,3658	21,268	
0,3658	21,268	
0,3658	21,268	
0,3655	21,2663	
0,3655	21,2663	
0,3652	21,2641	
0,3295	20,9219	
0,344	21,0814	
0,344	21,0814	
0,3436	21,0788	
0,3131	20,8079	
0,3986	21,4161	
0,4026	21,4781	
0,4026	21,4781	
0,4024	21,4769	
0,4057	21,5138	
0,4057	21,5138	
0,4057	21,5138	
0,4056	21,5128	
0,4056	21,5128	
0,4055	21,5117	
0,4081	21,5202	
0,4081	21,5202	
0,4081	21,5202	
0,4081	21,5202	
0,408	21,5196	
0,408	21,5196	
0,408	21,5196	
0,4079	21,5187	
0,4079	21,5187	
0,4078	21,5177	
0,4097	21,491	
0,4097	21,491	
0,4097	21,491	
0,4097	21,491	
0,4097	21,491	
0,4097	21,4905	
0,4097	21,4905	
0,4097	21,4905	
0,4097	21,4905	
0,4096	21,4899	
0,4096	21,4899	
0,4096	21,4899	
0,4095	21,4891	
0,4095	21,4891	
0,4094	21,4881	
0,4107	21,4146	
0,4107	21,4146	
0,4107	21,4146	
0,4107	21,4146	
0,4107	21,4146	
0,4107	21,4146	
0,4107	21,4143	
0,4107	21,4143	
0,4107	21,4143	
0,4107	21,4143	
0,4107	21,4143	
0,4106	21,4138	
0,4106	21,4138	
0,4106	21,4138	
0,4106	21,4138	
0,4105	21,4133	
0,4105	21,4133	
0,4105	21,4133	
0,4104	21,4125	
0,4104	21,4125	
0,4103	21,4116	
0,4109	21,2727	
0,4109	21,2727	
0,4109	21,2727	
0,4109	21,2727	
0,4109	21,2727	
0,4109	21,2727	
0,4109	21,2724	
0,4109	21,2724	
0,4109	21,2724	
0,4109	21,2724	
0,4109	21,2724	
0,4108	21,272	
0,4108	21,272	
0,4108	21,272	
0,4108	21,272	
0,4107	21,2714	
0,4107	21,2714	
0,4107	21,2714	
0,4106	21,2708	
0,4106	21,2708	
0,4105	21,2698	
0,4103	21,0397	
0,4103	21,0397	
0,4103	21,0397	
0,4103	21,0397	
0,4103	21,0397	
0,4103	21,0397	
0,4103	21,0394	
0,4103	21,0394	
0,4103	21,0394	
0,4103	21,0394	
0,4103	21,0394	
0,4102	21,039	
0,4102	21,039	
0,4102	21,039	
0,4102	21,039	
0,4101	21,0385	
0,4101	21,0385	
0,4101	21,0385	
0,4101	21,0379	
0,4101	21,0379	
0,4099	21,037	
0,4088	20,6817	
0,4088	20,6817	
0,4088	20,6817	
0,4088	20,6817	
0,4088	20,6817	
0,4088	20,6817	
0,4088	20,6814	
0,4088	20,6814	
0,4088	20,6814	
0,4088	20,6814	
0,4088	20,6814	
0,4087	20,6811	
0,4087	20,6811	
0,4087	20,6811	
0,4087	20,6811	
0,4087	20,6807	
0,4087	20,6807	
0,4087	20,6807	
0,4086	20,6801	
0,4086	20,6801	
0,4085	20,6793	
0,4065	20,1598	
0,4065	20,1598	
0,4065	20,1598	
0,4065	20,1598	
0,4065	20,1598	
0,4065	20,1598	
0,4064	20,1596	
0,4064	20,1596	
0,4064	20,1596	
0,4064	20,1596	
0,4064	20,1596	
0,4064	20,1593	
0,4064	20,1593	
0,4064	20,1593	
0,4064	20,1593	
0,4063	20,1589	
0,4063	20,1589	
0,4063	20,1589	
0,4063	20,1584	
0,4063	20,1584	
0,4061	20,1577	
0,4034	19,437	
0,4034	19,437	
0,4034	19,437	
0,4034	19,437	
0,4034	19,437	
0,4034	19,437	
0,4033	19,4369	
0,4033	19,4369	
0,4033	19,4369	
0,4033	19,4369	
0,4033	19,4369	
0,4033	19,4367	
0,4033	19,4367	
0,4033	19,4367	
0,4033	19,4367	
0,4033	19,4363	
0,4033	19,4363	
0,4033	19,4363	
0,4032	19,4359	
0,4032	19,4359	
0,4031	19,4353	
0,3946	21,3851	
0,3995	21,4565	
0,3995	21,4565	
0,3994	21,4551	
0,4036	21,5018	
0,4036	21,5018	
0,4036	21,5018	
0,4035	21,5008	
0,4035	21,5008	
0,4033	21,4995	
0,4069	21,5192	
0,4069	21,5192	
0,4069	21,5192	
0,4069	21,5192	
0,4068	21,5184	
0,4068	21,5184	
0,4068	21,5184	
0,4067	21,5175	
0,4067	21,5175	
0,4066	21,5163	
0,4097	21,5036	
0,4097	21,5036	
0,4097	21,5036	
0,4097	21,5036	
0,4097	21,5036	
0,4096	21,5031	
0,4096	21,5031	
0,4096	21,5031	
0,4096	21,5031	
0,4095	21,5024	
0,4095	21,5024	
0,4095	21,5024	
0,4094	21,5015	
0,4094	21,5015	
0,4093	21,5004	
0,412	21,4454	
0,412	21,4454	
0,412	21,4454	
0,412	21,4454	
0,412	21,4454	
0,412	21,4454	
0,412	21,445	
0,412	21,445	
0,412	21,445	
0,412	21,445	
0,412	21,445	
0,4119	21,4446	
0,4119	21,4446	
0,4119	21,4446	
0,4119	21,4446	
0,4118	21,444	
0,4118	21,444	
0,4118	21,444	
0,4117	21,4431	
0,4117	21,4431	
0,4116	21,4421	
0,414	21,3288	
0,414	21,3288	
0,414	21,3288	
0,414	21,3288	
0,414	21,3288	
0,414	21,3288	
0,414	21,3285	
0,414	21,3285	
0,414	21,3285	
0,414	21,3285	
0,414	21,3285	
0,4139	21,328	
0,4139	21,328	
0,4139	21,328	
0,4139	21,328	
0,4139	21,3274	
0,4139	21,3274	
0,4139	21,3274	
0,4138	21,3267	
0,4138	21,3267	
0,4136	21,3256	
0,4159	21,1309	
0,4159	21,1309	
0,4159	21,1309	
0,4159	21,1309	
0,4159	21,1309	
0,4159	21,1309	
0,4159	21,1306	
0,4159	21,1306	
0,4159	21,1306	
0,4159	21,1306	
0,4159	21,1306	
0,4158	21,1302	
0,4158	21,1302	
0,4158	21,1302	
0,4158	21,1302	
0,4157	21,1297	
0,4157	21,1297	
0,4157	21,1297	
0,4156	21,129	
0,4156	21,129	
0,4155	21,128	
0,4177	20,8206	
0,4177	20,8206	
0,4177	20,8206	
0,4177	20,8206	
0,4177	20,8206	
0,4177	20,8206	
0,4177	20,8203	
0,4177	20,8203	
0,4177	20,8203	
0,4177	20,8203	
0,4177	20,8203	
0,4176	20,82	
0,4176	20,82	
0,4176	20,82	
0,4176	20,82	
0,4175	20,8195	
0,4175	20,8195	
0,4175	20,8195	
0,4174	20,8188	
0,4174	20,8188	
0,4173	20,8179	
0,4195	20,36	
0,4195	20,36	
0,4195	20,36	
0,4195	20,36	
0,4195	20,36	
0,4195	20,36	
0,4194	20,3598	
0,4194	20,3598	
0,4194	20,3598	
0,4194	20,3598	
0,4194	20,3598	
0,4194	20,3595	
0,4194	20,3595	
0,4194	20,3595	
0,4194	20,3595	
0,4193	20,3591	
0,4193	20,3591	
0,4193	20,3591	
0,4192	20,3585	
0,4192	20,3585	
0,4191	20,3577	
0,39	21,3499	
0,3959	21,4309	
0,3959	21,4309	
0,3957	21,4294	
0,4009	21,4857	
0,4009	21,4857	
0,4009	21,4857	
0,4007	21,4846	
0,4007	21,4846	
0,4006	21,4833	
0,4051	21,5135	
0,4051	21,5135	
0,4051	21,5135	
0,4051	21,5135	
0,405	21,5127	
0,405	21,5127	
0,405	21,5127	
0,4049	21,5117	
0,4049	21,5117	
0,4047	21,5104	
0,4088	21,5104	
0,4088	21,5104	
0,4088	21,5104	
0,4088	21,5104	
0,4088	21,5104	
0,4087	21,5098	
0,4087	21,5098	
0,4087	21,5098	
0,4087	21,5098	
0,4086	21,5091	
0,4086	21,5091	
0,4086	21,5091	
0,4085	21,5082	
0,4085	21,5082	
0,4083	21,5069	
0,4123	21,4686	
0,4123	21,4686	
0,4123	21,4686	
0,4123	21,4686	
0,4123	21,4686	
0,4123	21,4686	
0,4122	21,4682	
0,4122	21,4682	
0,4122	21,4682	
0,4122	21,4682	
0,4122	21,4682	
0,4122	21,4677	
0,4122	21,4677	
0,4122	21,4677	
0,4122	21,4677	
0,4121	21,467	
0,4121	21,467	
0,4121	21,467	
0,4119	21,4661	
0,4119	21,4661	
0,4118	21,465	
0,4157	21,3745	
0,4157	21,3745	
0,4157	21,3745	
0,4157	21,3745	
0,4157	21,3745	
0,4157	21,3745	
0,4157	21,3741	
0,4157	21,3741	
0,4157	21,3741	
0,4157	21,3741	
0,4157	21,3741	
0,4156	21,3736	
0,4156	21,3736	
0,4156	21,3736	
0,4156	21,3736	
0,4155	21,373	
0,4155	21,373	
0,4155	21,373	
0,4154	21,3721	
0,4154	21,3721	
0,4152	21,371	
0,4195	21,2079	
0,4195	21,2079	
0,4195	21,2079	
0,4195	21,2079	
0,4195	21,2079	
0,4195	21,2079	
0,4194	21,2076	
0,4194	21,2076	
0,4194	21,2076	
0,4194	21,2076	
0,4194	21,2076	
0,4194	21,2072	
0,4194	21,2072	
0,4194	21,2072	
0,4194	21,2072	
0,4193	21,2066	
0,4193	21,2066	
0,4193	21,2066	
0,4191	21,2058	
0,4191	21,2058	
0,419	21,2047	
0,4238	20,9405	
0,4238	20,9405	
0,4238	20,9405	
0,4238	20,9405	
0,4238	20,9405	
0,4238	20,9405	
0,4238	20,9402	
0,4238	20,9402	
0,4238	20,9402	
0,4238	20,9402	
0,4238	20,9402	
0,4237	20,9398	
0,4237	20,9398	
0,4237	20,9398	
0,4237	20,9398	
0,4236	20,9393	
0,4236	20,9393	
0,4236	20,9393	
0,4235	20,9385	
0,4235	20,9385	
0,4233	20,9376	
0,3843	21,3072	
0,3913	21,3988	
0,3913	21,3988	
0,3911	21,3972	
0,3973	21,4638	
0,3973	21,4638	
0,3973	21,4638	
0,3971	21,4626	
0,3971	21,4626	
0,3969	21,4612	
0,4024	21,5023	
0,4024	21,5023	
0,4024	21,5023	
0,4024	21,5023	
0,4023	21,5015	
0,4023	21,5015	
0,4023	21,5015	
0,4021	21,5004	
0,4021	21,5004	
0,4019	21,499	
0,407	21,5118	
0,407	21,5118	
0,407	21,5118	
0,407	21,5118	
0,407	21,5118	
0,407	21,5112	
0,407	21,5112	
0,407	21,5112	
0,407	21,5112	
0,4068	21,5104	
0,4068	21,5104	
0,4068	21,5104	
0,4067	21,5093	
0,4067	21,5093	
0,4065	21,508	
0,4115	21,4859	
0,4115	21,4859	
0,4115	21,4859	
0,4115	21,4859	
0,4115	21,4859	
0,4115	21,4859	
0,4114	21,4855	
0,4114	21,4855	
0,4114	21,4855	
0,4114	21,4855	
0,4114	21,4855	
0,4114	21,4849	
0,4114	21,4849	
0,4114	21,4849	
0,4114	21,4849	
0,4113	21,4841	
0,4113	21,4841	
0,4113	21,4841	
0,4111	21,4831	
0,4111	21,4831	
0,4109	21,4819	
0,4161	21,4132	
0,4161	21,4132	
0,4161	21,4132	
0,4161	21,4132	
0,4161	21,4132	
0,4161	21,4132	
0,4161	21,4128	
0,4161	21,4128	
0,4161	21,4128	
0,4161	21,4128	
0,4161	21,4128	
0,416	21,4122	
0,416	21,4122	
0,416	21,4122	
0,416	21,4122	
0,4159	21,4115	
0,4159	21,4115	
0,4159	21,4115	
0,4157	21,4106	
0,4157	21,4106	
0,4155	21,4094	
0,4215	21,2764	
0,4215	21,2764	
0,4215	21,2764	
0,4215	21,2764	
0,4215	21,2764	
0,4215	21,2764	
0,4214	21,2761	
0,4214	21,2761	
0,4214	21,2761	
0,4214	21,2761	
0,4214	21,2761	
0,4213	21,2756	
0,4213	21,2756	
0,4213	21,2756	
0,4213	21,2756	
0,4212	21,2749	
0,4212	21,2749	
0,4212	21,2749	
0,4211	21,274	
0,4211	21,274	
0,4209	21,2728	
0,3774	21,2563	
0,3857	21,3596	
0,3857	21,3596	
0,3854	21,3578	
0,3927	21,4355	
0,3927	21,4355	
0,3927	21,4355	
0,3925	21,4342	
0,3925	21,4342	
0,3923	21,4326	
0,3988	21,4851	
0,3988	21,4851	
0,3988	21,4851	
0,3988	21,4851	
0,3987	21,4842	
0,3987	21,4842	
0,3987	21,4842	
0,3985	21,483	
0,3985	21,483	
0,3983	21,4814	
0,4043	21,5069	
0,4043	21,5069	
0,4043	21,5069	
0,4043	21,5069	
0,4043	21,5069	
0,4042	21,5062	
0,4042	21,5062	
0,4042	21,5062	
0,4042	21,5062	
0,4041	21,5053	
0,4041	21,5053	
0,4041	21,5053	
0,4039	21,5042	
0,4039	21,5042	
0,4037	21,5027	
0,4097	21,4961	
0,4097	21,4961	
0,4097	21,4961	
0,4097	21,4961	
0,4097	21,4961	
0,4097	21,4961	
0,4096	21,4956	
0,4096	21,4956	
0,4096	21,4956	
0,4096	21,4956	
0,4096	21,4956	
0,4095	21,495	
0,4095	21,495	
0,4095	21,495	
0,4095	21,495	
0,4094	21,4942	
0,4094	21,4942	
0,4094	21,4942	
0,4092	21,4931	
0,4092	21,4931	
0,409	21,4917	
0,4153	21,4433	
0,4153	21,4433	
0,4153	21,4433	
0,4153	21,4433	
0,4153	21,4433	
0,4153	21,4433	
0,4152	21,4429	
0,4152	21,4429	
0,4152	21,4429	
0,4152	21,4429	
0,4152	21,4429	
0,4151	21,4423	
0,4151	21,4423	
0,4151	21,4423	
0,4151	21,4423	
0,415	21,4415	
0,415	21,4415	
0,415	21,4415	
0,4148	21,4404	
0,4148	21,4404	
0,4146	21,4391	
0,3695	21,1991	
0,3791	21,3146	
0,3791	21,3146	
0,3789	21,3127	
0,3873	21,4018	
0,3873	21,4018	
0,3873	21,4018	
0,3871	21,4004	
0,3871	21,4004	
0,3869	21,3986	
0,3944	21,4624	
0,3944	21,4624	
0,3944	21,4624	
0,3944	21,4624	
0,3943	21,4613	
0,3943	21,4613	
0,3943	21,4613	
0,3941	21,46	
0,3941	21,46	
0,3938	21,4583	
0,4008	21,4958	
0,4008	21,4958	
0,4008	21,4958	
0,4008	21,4958	
0,4008	21,4958	
0,4007	21,495	
0,4007	21,495	
0,4007	21,495	
0,4007	21,495	
0,4006	21,4941	
0,4006	21,4941	
0,4006	21,4941	
0,4004	21,4928	
0,4004	21,4928	
0,4001	21,4912	
0,407	21,4988	
0,407	21,4988	
0,407	21,4988	
0,407	21,4988	
0,407	21,4988	
0,407	21,4988	
0,4069	21,4982	
0,4069	21,4982	
0,4069	21,4982	
0,4069	21,4982	
0,4069	21,4982	
0,4068	21,4975	
0,4068	21,4975	
0,4068	21,4975	
0,4068	21,4975	
0,4067	21,4966	
0,4067	21,4966	
0,4067	21,4966	
0,4065	21,4954	
0,4065	21,4954	
0,4062	21,4938	
0,36	21,1311	
0,3712	21,2604	
0,3712	21,2604	
0,3709	21,2582	
0,3807	21,3599	
0,3807	21,3599	
0,3807	21,3599	
0,3805	21,3583	
0,3805	21,3583	
0,3802	21,3564	
0,3889	21,4322	
0,3889	21,4322	
0,3889	21,4322	
0,3889	21,4322	
0,3887	21,431	
0,3887	21,431	
0,3887	21,431	
0,3885	21,4296	
0,3885	21,4296	
0,3882	21,4277	
0,3963	21,4776	
0,3963	21,4776	
0,3963	21,4776	
0,3963	21,4776	
0,3963	21,4776	
0,3962	21,4767	
0,3962	21,4767	
0,3962	21,4767	
0,3962	21,4767	
0,396	21,4757	
0,396	21,4757	
0,396	21,4757	
0,3958	21,4742	
0,3958	21,4742	
0,3954	21,4724	
0,3488	21,0521	
0,3617	21,1966	
0,3617	21,1966	
0,3614	21,1942	
0,3727	21,3096	
0,3727	21,3096	
0,3727	21,3096	
0,3725	21,3078	
0,3725	21,3078	
0,3721	21,3056	
0,3822	21,3942	
0,3822	21,3942	
0,3822	21,3942	
0,3822	21,3942	
0,382	21,3929	
0,382	21,3929	
0,382	21,3929	
0,3818	21,3913	
0,3818	21,3913	
0,3814	21,3892	
0,3358	20,9614	
0,3506	21,1225	
0,3506	21,1225	
0,3502	21,1199	
0,3633	21,2501	
0,3633	21,2501	
0,3633	21,2501	
0,363	21,2481	
0,363	21,2481	
0,3626	21,2457	
0,3197	20,851	
0,3368	21,0314	
0,3368	21,0314	
0,3363	21,0285	
0,3023	20,7323	
0,4051	21,4256	
0,4091	21,4877	
0,4091	21,4877	
0,409	21,4864	
0,4123	21,5233	
0,4123	21,5233	
0,4123	21,5233	
0,4122	21,5224	
0,4122	21,5224	
0,4121	21,5213	
0,4147	21,5297	
0,4147	21,5297	
0,4147	21,5297	
0,4147	21,5297	
0,4146	21,5291	
0,4146	21,5291	
0,4146	21,5291	
0,4145	21,5282	
0,4145	21,5282	
0,4144	21,5271	
0,4163	21,5004	
0,4163	21,5004	
0,4163	21,5004	
0,4163	21,5004	
0,4163	21,5004	
0,4163	21,4999	
0,4163	21,4999	
0,4163	21,4999	
0,4163	21,4999	
0,4162	21,4993	
0,4162	21,4993	
0,4162	21,4993	
0,4161	21,4985	
0,4161	21,4985	
0,416	21,4974	
0,4172	21,4236	
0,4172	21,4236	
0,4172	21,4236	
0,4172	21,4236	
0,4172	21,4236	
0,4172	21,4236	
0,4171	21,4233	
0,4171	21,4233	
0,4171	21,4233	
0,4171	21,4233	
0,4171	21,4233	
0,4171	21,4229	
0,4171	21,4229	
0,4171	21,4229	
0,4171	21,4229	
0,417	21,4223	
0,417	21,4223	
0,417	21,4223	
0,4169	21,4216	
0,4169	21,4216	
0,4168	21,4206	
0,4171	21,2812	
0,4171	21,2812	
0,4171	21,2812	
0,4171	21,2812	
0,4171	21,2812	
0,4171	21,2812	
0,4171	21,281	
0,4171	21,281	
0,4171	21,281	
0,4171	21,281	
0,4171	21,281	
0,4171	21,2806	
0,4171	21,2806	
0,4171	21,2806	
0,4171	21,2806	
0,417	21,28	
0,417	21,28	
0,417	21,28	
0,4169	21,2793	
0,4169	21,2793	
0,4168	21,2784	
0,4162	21,0475	
0,4162	21,0475	
0,4162	21,0475	
0,4162	21,0475	
0,4162	21,0475	
0,4162	21,0475	
0,4162	21,0472	
0,4162	21,0472	
0,4162	21,0472	
0,4162	21,0472	
0,4162	21,0472	
0,4161	21,0469	
0,4161	21,0469	
0,4161	21,0469	
0,4161	21,0469	
0,416	21,0464	
0,416	21,0464	
0,416	21,0464	
0,4159	21,0457	
0,4159	21,0457	
0,4158	21,0449	
0,4142	20,6885	
0,4142	20,6885	
0,4142	20,6885	
0,4142	20,6885	
0,4142	20,6885	
0,4142	20,6885	
0,4142	20,6883	
0,4142	20,6883	
0,4142	20,6883	
0,4142	20,6883	
0,4142	20,6883	
0,4141	20,6879	
0,4141	20,6879	
0,4141	20,6879	
0,4141	20,6879	
0,4141	20,6875	
0,4141	20,6875	
0,4141	20,6875	
0,414	20,6869	
0,414	20,6869	
0,4139	20,6861	
0,4112	20,1653	
0,4112	20,1653	
0,4112	20,1653	
0,4112	20,1653	
0,4112	20,1653	
0,4112	20,1653	
0,4112	20,1651	
0,4112	20,1651	
0,4112	20,1651	
0,4112	20,1651	
0,4112	20,1651	
0,4111	20,1648	
0,4111	20,1648	
0,4111	20,1648	
0,4111	20,1648	
0,4111	20,1644	
0,4111	20,1644	
0,4111	20,1644	
0,411	20,1639	
0,411	20,1639	
0,4109	20,1632	
0,4073	19,441	
0,4073	19,441	
0,4073	19,441	
0,4073	19,441	
0,4073	19,441	
0,4073	19,441	
0,4073	19,4408	
0,4073	19,4408	
0,4073	19,4408	
0,4073	19,4408	
0,4073	19,4408	
0,4072	19,4406	
0,4072	19,4406	
0,4072	19,4406	
0,4072	19,4406	
0,4072	19,4403	
0,4072	19,4403	
0,4072	19,4403	
0,4071	19,4399	
0,4071	19,4399	
0,407	19,4393	
0,4029	18,4909	
0,4029	18,4909	
0,4029	18,4909	
0,4029	18,4909	
0,4029	18,4909	
0,4029	18,4909	
0,4029	18,4908	
0,4029	18,4908	
0,4029	18,4908	
0,4029	18,4908	
0,4029	18,4908	
0,4029	18,4906	
0,4029	18,4906	
0,4029	18,4906	
0,4029	18,4906	
0,4028	18,4904	
0,4028	18,4904	
0,4028	18,4904	
0,4028	18,4901	
0,4028	18,4901	
0,401	21,3947	
0,4061	21,4662	
0,4061	21,4662	
0,4059	21,4649	
0,4102	21,5116	
0,4102	21,5116	
0,4102	21,5116	
0,4101	21,5106	
0,4101	21,5106	
0,41	21,5093	
0,4136	21,5289	
0,4136	21,5289	
0,4136	21,5289	
0,4136	21,5289	
0,4135	21,5282	
0,4135	21,5282	
0,4135	21,5282	
0,4134	21,5273	
0,4134	21,5273	
0,4132	21,5261	
0,4163	21,5132	
0,4163	21,5132	
0,4163	21,5132	
0,4163	21,5132	
0,4163	21,5132	
0,4163	21,5127	
0,4163	21,5127	
0,4163	21,5127	
0,4163	21,5127	
0,4162	21,5121	
0,4162	21,5121	
0,4162	21,5121	
0,4161	21,5112	
0,4161	21,5112	
0,4159	21,51	
0,4186	21,4548	
0,4186	21,4548	
0,4186	21,4548	
0,4186	21,4548	
0,4186	21,4548	
0,4186	21,4548	
0,4186	21,4544	
0,4186	21,4544	
0,4186	21,4544	
0,4186	21,4544	
0,4186	21,4544	
0,4185	21,454	
0,4185	21,454	
0,4185	21,454	
0,4185	21,454	
0,4184	21,4534	
0,4184	21,4534	
0,4184	21,4534	
0,4183	21,4525	
0,4183	21,4525	
0,4181	21,4515	
0,4204	21,3378	
0,4204	21,3378	
0,4204	21,3378	
0,4204	21,3378	
0,4204	21,3378	
0,4204	21,3378	
0,4204	21,3374	
0,4204	21,3374	
0,4204	21,3374	
0,4204	21,3374	
0,4204	21,3374	
0,4203	21,337	
0,4203	21,337	
0,4203	21,337	
0,4203	21,337	
0,4203	21,3364	
0,4203	21,3364	
0,4203	21,3364	
0,4201	21,3356	
0,4201	21,3356	
0,42	21,3346	
0,422	21,1393	
0,422	21,1393	
0,422	21,1393	
0,422	21,1393	
0,422	21,1393	
0,422	21,1393	
0,422	21,139	
0,422	21,139	
0,422	21,139	
0,422	21,139	
0,422	21,139	
0,4219	21,1386	
0,4219	21,1386	
0,4219	21,1386	
0,4219	21,1386	
0,4218	21,138	
0,4218	21,138	
0,4218	21,138	
0,4217	21,1373	
0,4217	21,1373	
0,4216	21,1363	
0,4233	20,828	
0,4233	20,828	
0,4233	20,828	
0,4233	20,828	
0,4233	20,828	
0,4233	20,828	
0,4233	20,8277	
0,4233	20,8277	
0,4233	20,8277	
0,4233	20,8277	
0,4233	20,8277	
0,4232	20,8274	
0,4232	20,8274	
0,4232	20,8274	
0,4232	20,8274	
0,4232	20,8269	
0,4232	20,8269	
0,4232	20,8269	
0,4231	20,8262	
0,4231	20,8262	
0,4229	20,8254	
0,4245	20,3662	
0,4245	20,3662	
0,4245	20,3662	
0,4245	20,3662	
0,4245	20,3662	
0,4245	20,3662	
0,4245	20,366	
0,4245	20,366	
0,4245	20,366	
0,4245	20,366	
0,4245	20,366	
0,4244	20,3657	
0,4244	20,3657	
0,4244	20,3657	
0,4244	20,3657	
0,4244	20,3652	
0,4244	20,3652	
0,4244	20,3652	
0,4243	20,3647	
0,4243	20,3647	
0,4241	20,3639	
0,4255	19,7152	
0,4255	19,7152	
0,4255	19,7152	
0,4255	19,7152	
0,4255	19,7152	
0,4255	19,7152	
0,4255	19,715	
0,4255	19,715	
0,4255	19,715	
0,4255	19,715	
0,4255	19,715	
0,4255	19,7148	
0,4255	19,7148	
0,4255	19,7148	
0,4255	19,7148	
0,4254	19,7144	
0,4254	19,7144	
0,4254	19,7144	
0,4253	19,7139	
0,4253	19,7139	
0,4252	19,7132	
0,3964	21,3599	
0,4025	21,441	
0,4025	21,441	
0,4023	21,4395	
0,4075	21,4958	
0,4075	21,4958	
0,4075	21,4958	
0,4074	21,4947	
0,4074	21,4947	
0,4072	21,4934	
0,4118	21,5235	
0,4118	21,5235	
0,4118	21,5235	
0,4118	21,5235	
0,4117	21,5228	
0,4117	21,5228	
0,4117	21,5228	
0,4116	21,5218	
0,4116	21,5218	
0,4114	21,5205	
0,4155	21,5204	
0,4155	21,5204	
0,4155	21,5204	
0,4155	21,5204	
0,4155	21,5204	
0,4155	21,5198	
0,4155	21,5198	
0,4155	21,5198	
0,4155	21,5198	
0,4154	21,5191	
0,4154	21,5191	
0,4154	21,5191	
0,4152	21,5182	
0,4152	21,5182	
0,415	21,5169	
0,4189	21,4784	
0,4189	21,4784	
0,4189	21,4784	
0,4189	21,4784	
0,4189	21,4784	
0,4189	21,4784	
0,4189	21,478	
0,4189	21,478	
0,4189	21,478	
0,4189	21,478	
0,4189	21,478	
0,4188	21,4775	
0,4188	21,4775	
0,4188	21,4775	
0,4188	21,4775	
0,4187	21,4768	
0,4187	21,4768	
0,4187	21,4768	
0,4186	21,4759	
0,4186	21,4759	
0,4184	21,4747	
0,4222	21,3838	
0,4222	21,3838	
0,4222	21,3838	
0,4222	21,3838	
0,4222	21,3838	
0,4222	21,3838	
0,4222	21,3835	
0,4222	21,3835	
0,4222	21,3835	
0,4222	21,3835	
0,4222	21,3835	
0,4221	21,383	
0,4221	21,383	
0,4221	21,383	
0,4221	21,383	
0,422	21,3823	
0,422	21,3823	
0,422	21,3823	
0,4219	21,3815	
0,4219	21,3815	
0,4217	21,3804	
0,4257	21,2167	
0,4257	21,2167	
0,4257	21,2167	
0,4257	21,2167	
0,4257	21,2167	
0,4257	21,2167	
0,4257	21,2163	
0,4257	21,2163	
0,4257	21,2163	
0,4257	21,2163	
0,4257	21,2163	
0,4256	21,2159	
0,4256	21,2159	
0,4256	21,2159	
0,4256	21,2159	
0,4255	21,2153	
0,4255	21,2153	
0,4255	21,2153	
0,4254	21,2145	
0,4254	21,2145	
0,4252	21,2134	
0,4297	20,9483	
0,4297	20,9483	
0,4297	20,9483	
0,4297	20,9483	
0,4297	20,9483	
0,4297	20,9483	
0,4297	20,948	
0,4297	20,948	
0,4297	20,948	
0,4297	20,948	
0,4297	20,948	
0,4296	20,9476	
0,4296	20,9476	
0,4296	20,9476	
0,4296	20,9476	
0,4295	20,9471	
0,4295	20,9471	
0,4295	20,9471	
0,4294	20,9463	
0,4294	20,9463	
0,4292	20,9454	
0,4343	20,5429	
0,4343	20,5429	
0,4343	20,5429	
0,4343	20,5429	
0,4343	20,5429	
0,4343	20,5429	
0,4343	20,5426	
0,4343	20,5426	
0,4343	20,5426	
0,4343	20,5426	
0,4343	20,5426	
0,4342	20,5422	
0,4342	20,5422	
0,4342	20,5422	
0,4342	20,5422	
0,4341	20,5418	
0,4341	20,5418	
0,4341	20,5418	
0,434	20,5411	
0,434	20,5411	
0,4339	20,5402	
0,3907	21,3175	
0,3979	21,4092	
0,3979	21,4092	
0,3977	21,4076	
0,404	21,4743	
0,404	21,4743	
0,404	21,4743	
0,4038	21,4731	
0,4038	21,4731	
0,4036	21,4716	
0,4092	21,5128	
0,4092	21,5128	
0,4092	21,5128	
0,4092	21,5128	
0,409	21,5119	
0,409	21,5119	
0,409	21,5119	
0,4089	21,5109	
0,4089	21,5109	
0,4087	21,5095	
0,4138	21,5222	
0,4138	21,5222	
0,4138	21,5222	
0,4138	21,5222	
0,4138	21,5222	
0,4137	21,5215	
0,4137	21,5215	
0,4137	21,5215	
0,4137	21,5215	
0,4136	21,5208	
0,4136	21,5208	
0,4136	21,5208	
0,4135	21,5197	
0,4135	21,5197	
0,4133	21,5184	
0,4183	21,4961	
0,4183	21,4961	
0,4183	21,4961	
0,4183	21,4961	
0,4183	21,4961	
0,4183	21,4961	
0,4182	21,4956	
0,4182	21,4956	
0,4182	21,4956	
0,4182	21,4956	
0,4182	21,4956	
0,4181	21,4951	
0,4181	21,4951	
0,4181	21,4951	
0,4181	21,4951	
0,418	21,4943	
0,418	21,4943	
0,418	21,4943	
0,4178	21,4933	
0,4178	21,4933	
0,4176	21,492	
0,4228	21,423	
0,4228	21,423	
0,4228	21,423	
0,4228	21,423	
0,4228	21,423	
0,4228	21,423	
0,4227	21,4226	
0,4227	21,4226	
0,4227	21,4226	
0,4227	21,4226	
0,4227	21,4226	
0,4226	21,4221	
0,4226	21,4221	
0,4226	21,4221	
0,4226	21,4221	
0,4225	21,4213	
0,4225	21,4213	
0,4225	21,4213	
0,4224	21,4204	
0,4224	21,4204	
0,4222	21,4192	
0,4279	21,2857	
0,4279	21,2857	
0,4279	21,2857	
0,4279	21,2857	
0,4279	21,2857	
0,4279	21,2857	
0,4278	21,2853	
0,4278	21,2853	
0,4278	21,2853	
0,4278	21,2853	
0,4278	21,2853	
0,4277	21,2848	
0,4277	21,2848	
0,4277	21,2848	
0,4277	21,2848	
0,4276	21,2841	
0,4276	21,2841	
0,4276	21,2841	
0,4275	21,2833	
0,4275	21,2833	
0,4273	21,2821	
0,434	21,0586	
0,434	21,0586	
0,434	21,0586	
0,434	21,0586	
0,434	21,0586	
0,434	21,0586	
0,434	21,0582	
0,434	21,0582	
0,434	21,0582	
0,434	21,0582	
0,434	21,0582	
0,4339	21,0578	
0,4339	21,0578	
0,4339	21,0578	
0,4339	21,0578	
0,4338	21,0572	
0,4338	21,0572	
0,4338	21,0572	
0,4336	21,0563	
0,4336	21,0563	
0,4334	21,0552	
0,3838	21,2669	
0,3922	21,3703	
0,3922	21,3703	
0,392	21,3685	
0,3994	21,4464	
0,3994	21,4464	
0,3994	21,4464	
0,3992	21,4451	
0,3992	21,4451	
0,399	21,4435	
0,4056	21,496	
0,4056	21,496	
0,4056	21,496	
0,4056	21,496	
0,4055	21,4951	
0,4055	21,4951	
0,4055	21,4951	
0,4053	21,4939	
0,4053	21,4939	
0,4051	21,4923	
0,4112	21,5178	
0,4112	21,5178	
0,4112	21,5178	
0,4112	21,5178	
0,4112	21,5178	
0,4111	21,5171	
0,4111	21,5171	
0,4111	21,5171	
0,4111	21,5171	
0,411	21,5162	
0,411	21,5162	
0,411	21,5162	
0,4108	21,5151	
0,4108	21,5151	
0,4105	21,5136	
0,4165	21,5069	
0,4165	21,5069	
0,4165	21,5069	
0,4165	21,5069	
0,4165	21,5069	
0,4165	21,5069	
0,4165	21,5064	
0,4165	21,5064	
0,4165	21,5064	
0,4165	21,5064	
0,4165	21,5064	
0,4164	21,5058	
0,4164	21,5058	
0,4164	21,5058	
0,4164	21,5058	
0,4162	21,5049	
0,4162	21,5049	
0,4162	21,5049	
0,4161	21,5038	
0,4161	21,5038	
0,4158	21,5024	
0,4221	21,4538	
0,4221	21,4538	
0,4221	21,4538	
0,4221	21,4538	
0,4221	21,4538	
0,4221	21,4538	
0,422	21,4534	
0,422	21,4534	
0,422	21,4534	
0,422	21,4534	
0,422	21,4534	
0,4219	21,4528	
0,4219	21,4528	
0,4219	21,4528	
0,4219	21,4528	
0,4218	21,452	
0,4218	21,452	
0,4218	21,452	
0,4216	21,451	
0,4216	21,451	
0,4214	21,4496	
0,4284	21,3441	
0,4284	21,3441	
0,4284	21,3441	
0,4284	21,3441	
0,4284	21,3441	
0,4284	21,3441	
0,4283	21,3437	
0,4283	21,3437	
0,4283	21,3437	
0,4283	21,3437	
0,4283	21,3437	
0,4283	21,3431	
0,4283	21,3431	
0,4283	21,3431	
0,4283	21,3431	
0,4281	21,3424	
0,4281	21,3424	
0,4281	21,3424	
0,428	21,3414	
0,428	21,3414	
0,4277	21,3401	
0,3758	21,2098	
0,3857	21,3256	
0,3857	21,3256	
0,3854	21,3236	
0,394	21,413	
0,394	21,413	
0,394	21,413	
0,3938	21,4115	
0,3938	21,4115	
0,3935	21,4098	
0,4012	21,4737	
0,4012	21,4737	
0,4012	21,4737	
0,4012	21,4737	
0,4011	21,4726	
0,4011	21,4726	
0,4011	21,4726	
0,4009	21,4713	
0,4009	21,4713	
0,4006	21,4696	
0,4077	21,5072	
0,4077	21,5072	
0,4077	21,5072	
0,4077	21,5072	
0,4077	21,5072	
0,4076	21,5064	
0,4076	21,5064	
0,4076	21,5064	
0,4076	21,5064	
0,4075	21,5055	
0,4075	21,5055	
0,4075	21,5055	
0,4073	21,5042	
0,4073	21,5042	
0,407	21,5025	
0,4139	21,5101	
0,4139	21,5101	
0,4139	21,5101	
0,4139	21,5101	
0,4139	21,5101	
0,4139	21,5101	
0,4138	21,5096	
0,4138	21,5096	
0,4138	21,5096	
0,4138	21,5096	
0,4138	21,5096	
0,4137	21,5089	
0,4137	21,5089	
0,4137	21,5089	
0,4137	21,5089	
0,4136	21,508	
0,4136	21,508	
0,4136	21,508	
0,4134	21,5068	
0,4134	21,5068	
0,4131	21,5052	
0,4203	21,4748	
0,4203	21,4748	
0,4203	21,4748	
0,4203	21,4748	
0,4203	21,4748	
0,4203	21,4748	
0,4202	21,4743	
0,4202	21,4743	
0,4202	21,4743	
0,4202	21,4743	
0,4202	21,4743	
0,4201	21,4737	
0,4201	21,4737	
0,4201	21,4737	
0,4201	21,4737	
0,4199	21,4728	
0,4199	21,4728	
0,4199	21,4728	
0,4197	21,4717	
0,4197	21,4717	
0,4194	21,4701	
0,3663	21,1421	
0,3777	21,2717	
0,3777	21,2717	
0,3774	21,2696	
0,3874	21,3716	
0,3874	21,3716	
0,3874	21,3716	
0,3871	21,37	
0,3871	21,37	
0,3869	21,368	
0,3958	21,444	
0,3958	21,444	
0,3958	21,444	
0,3958	21,444	
0,3956	21,4429	
0,3956	21,4429	
0,3956	21,4429	
0,3954	21,4414	
0,3954	21,4414	
0,3951	21,4395	
0,4032	21,4896	
0,4032	21,4896	
0,4032	21,4896	
0,4032	21,4896	
0,4032	21,4896	
0,4031	21,4887	
0,4031	21,4887	
0,4031	21,4887	
0,4031	21,4887	
0,4029	21,4876	
0,4029	21,4876	
0,4029	21,4876	
0,4027	21,4862	
0,4027	21,4862	
0,4024	21,4844	
0,4102	21,506	
0,4102	21,506	
0,4102	21,506	
0,4102	21,506	
0,4102	21,506	
0,4102	21,506	
0,4101	21,5054	
0,4101	21,5054	
0,4101	21,5054	
0,4101	21,5054	
0,4101	21,5054	
0,41	21,5046	
0,41	21,5046	
0,41	21,5046	
0,41	21,5046	
0,4098	21,5036	
0,4098	21,5036	
0,4098	21,5036	
0,4096	21,5022	
0,4096	21,5022	
0,4093	21,5005	
0,355	21,0634	
0,3682	21,2083	
0,3682	21,2083	
0,3678	21,2059	
0,3794	21,3217	
0,3794	21,3217	
0,3794	21,3217	
0,3791	21,3199	
0,3791	21,3199	
0,3788	21,3178	
0,3891	21,4066	
0,3891	21,4066	
0,3891	21,4066	
0,3891	21,4066	
0,3889	21,4053	
0,3889	21,4053	
0,3889	21,4053	
0,3886	21,4037	
0,3886	21,4037	
0,3883	21,4016	
0,3976	21,4644	
0,3976	21,4644	
0,3976	21,4644	
0,3976	21,4644	
0,3976	21,4644	
0,3975	21,4635	
0,3975	21,4635	
0,3975	21,4635	
0,3975	21,4635	
0,3973	21,4623	
0,3973	21,4623	
0,3973	21,4623	
0,397	21,4607	
0,397	21,4607	
0,3967	21,4586	
0,342	20,9736	
0,3571	21,1351	
0,3571	21,1351	
0,3567	21,1325	
0,3701	21,2632	
0,3701	21,2632	
0,3701	21,2632	
0,3697	21,2612	
0,3697	21,2612	
0,3693	21,2588	
0,3812	21,3613	
0,3812	21,3613	
0,3812	21,3613	
0,3812	21,3613	
0,3809	21,3599	
0,3809	21,3599	
0,3809	21,3599	
0,3806	21,3581	
0,3806	21,3581	
0,3802	21,3557	
0,3263	20,8665	
0,3436	21,0471	
0,3436	21,0471	
0,3432	21,0442	
0,3586	21,1918	
0,3586	21,1918	
0,3586	21,1918	
0,3582	21,1896	
0,3582	21,1896	
0,3577	21,1869	
0,3086	20,747	
0,3283	20,9479	
0,3283	20,9479	
0,3278	20,9447	
0,4078	21,369	
0,4129	21,44	
0,4129	21,44	
0,4127	21,4387	
0,4171	21,485	
0,4171	21,485	
0,4171	21,485	
0,417	21,484	
0,417	21,484	
0,4168	21,4828	
0,4205	21,5022	
0,4205	21,5022	
0,4205	21,5022	
0,4205	21,5022	
0,4204	21,5015	
0,4204	21,5015	
0,4204	21,5015	
0,4203	21,5006	
0,4203	21,5006	
0,4201	21,4994	
0,4232	21,4866	
0,4232	21,4866	
0,4232	21,4866	
0,4232	21,4866	
0,4232	21,4866	
0,4231	21,486	
0,4231	21,486	
0,4231	21,486	
0,4231	21,486	
0,423	21,4854	
0,423	21,4854	
0,423	21,4854	
0,4229	21,4845	
0,4229	21,4845	
0,4227	21,4834	
0,4253	21,4284	
0,4253	21,4284	
0,4253	21,4284	
0,4253	21,4284	
0,4253	21,4284	
0,4253	21,4284	
0,4253	21,428	
0,4253	21,428	
0,4253	21,428	
0,4253	21,428	
0,4253	21,428	
0,4252	21,4276	
0,4252	21,4276	
0,4252	21,4276	
0,4252	21,4276	
0,4251	21,427	
0,4251	21,427	
0,4251	21,427	
0,425	21,4261	
0,425	21,4261	
0,4248	21,4251	
0,4269	21,3119	
0,4269	21,3119	
0,4269	21,3119	
0,4269	21,3119	
0,4269	21,3119	
0,4269	21,3119	
0,4269	21,3116	
0,4269	21,3116	
0,4269	21,3116	
0,4269	21,3116	
0,4269	21,3116	
0,4268	21,3112	
0,4268	21,3112	
0,4268	21,3112	
0,4268	21,3112	
0,4268	21,3106	
0,4268	21,3106	
0,4268	21,3106	
0,4266	21,3098	
0,4266	21,3098	
0,4265	21,3088	
0,4282	21,1144	
0,4282	21,1144	
0,4282	21,1144	
0,4282	21,1144	
0,4282	21,1144	
0,4282	21,1144	
0,4282	21,1141	
0,4282	21,1141	
0,4282	21,1141	
0,4282	21,1141	
0,4282	21,1141	
0,4281	21,1137	
0,4281	21,1137	
0,4281	21,1137	
0,4281	21,1137	
0,428	21,1132	
0,428	21,1132	
0,428	21,1132	
0,4279	21,1124	
0,4279	21,1124	
0,4278	21,1115	
0,4291	20,8046	
0,4291	20,8046	
0,4291	20,8046	
0,4291	20,8046	
0,4291	20,8046	
0,4291	20,8046	
0,429	20,8043	
0,429	20,8043	
0,429	20,8043	
0,429	20,8043	
0,429	20,8043	
0,429	20,804	
0,429	20,804	
0,429	20,804	
0,429	20,804	
0,4289	20,8035	
0,4289	20,8035	
0,4289	20,8035	
0,4288	20,8028	
0,4288	20,8028	
0,4287	20,8019	
0,4296	20,3448	
0,4296	20,3448	
0,4296	20,3448	
0,4296	20,3448	
0,4296	20,3448	
0,4296	20,3448	
0,4296	20,3445	
0,4296	20,3445	
0,4296	20,3445	
0,4296	20,3445	
0,4296	20,3445	
0,4296	20,3442	
0,4296	20,3442	
0,4296	20,3442	
0,4296	20,3442	
0,4295	20,3438	
0,4295	20,3438	
0,4295	20,3438	
0,4294	20,3432	
0,4294	20,3432	
0,4293	20,3424	
0,4299	19,6962	
0,4299	19,6962	
0,4299	19,6962	
0,4299	19,6962	
0,4299	19,6962	
0,4299	19,6962	
0,4299	19,696	
0,4299	19,696	
0,4299	19,696	
0,4299	19,696	
0,4299	19,696	
0,4298	19,6958	
0,4298	19,6958	
0,4298	19,6958	
0,4298	19,6958	
0,4298	19,6954	
0,4298	19,6954	
0,4298	19,6954	
0,4297	19,695	
0,4297	19,695	
0,4296	19,6942	
0,4299	18,8287	
0,4299	18,8287	
0,4299	18,8287	
0,4299	18,8287	
0,4299	18,8287	
0,4299	18,8287	
0,4299	18,8286	
0,4299	18,8286	
0,4299	18,8286	
0,4299	18,8286	
0,4299	18,8286	
0,4299	18,8284	
0,4299	18,8284	
0,4299	18,8284	
0,4299	18,8284	
0,4298	18,8281	
0,4298	18,8281	
0,4298	18,8281	
0,4297	18,8277	
0,4297	18,8277	
0,4032	21,3346	
0,4093	21,4152	
0,4093	21,4152	
0,4091	21,4137	
0,4144	21,4696	
0,4144	21,4696	
0,4144	21,4696	
0,4143	21,4685	
0,4143	21,4685	
0,4141	21,4672	
0,4187	21,4971	
0,4187	21,4971	
0,4187	21,4971	
0,4187	21,4971	
0,4186	21,4963	
0,4186	21,4963	
0,4186	21,4963	
0,4185	21,4954	
0,4185	21,4954	
0,4183	21,4941	
0,4224	21,4939	
0,4224	21,4939	
0,4224	21,4939	
0,4224	21,4939	
0,4224	21,4939	
0,4223	21,4933	
0,4223	21,4933	
0,4223	21,4933	
0,4223	21,4933	
0,4222	21,4926	
0,4222	21,4926	
0,4222	21,4926	
0,4221	21,4917	
0,4221	21,4917	
0,4219	21,4905	
0,4257	21,452	
0,4257	21,452	
0,4257	21,452	
0,4257	21,452	
0,4257	21,452	
0,4257	21,452	
0,4257	21,4516	
0,4257	21,4516	
0,4257	21,4516	
0,4257	21,4516	
0,4257	21,4516	
0,4256	21,4511	
0,4256	21,4511	
0,4256	21,4511	
0,4256	21,4511	
0,4255	21,4505	
0,4255	21,4505	
0,4255	21,4505	
0,4254	21,4495	
0,4254	21,4495	
0,4252	21,4484	
0,4288	21,3579	
0,4288	21,3579	
0,4288	21,3579	
0,4288	21,3579	
0,4288	21,3579	
0,4288	21,3579	
0,4288	21,3575	
0,4288	21,3575	
0,4288	21,3575	
0,4288	21,3575	
0,4288	21,3575	
0,4287	21,3571	
0,4287	21,3571	
0,4287	21,3571	
0,4287	21,3571	
0,4286	21,3564	
0,4286	21,3564	
0,4286	21,3564	
0,4285	21,3556	
0,4285	21,3556	
0,4283	21,3545	
0,4321	21,1915	
0,4321	21,1915	
0,4321	21,1915	
0,4321	21,1915	
0,4321	21,1915	
0,4321	21,1915	
0,432	21,1912	
0,432	21,1912	
0,432	21,1912	
0,432	21,1912	
0,432	21,1912	
0,432	21,1907	
0,432	21,1907	
0,432	21,1907	
0,432	21,1907	
0,4319	21,1901	
0,4319	21,1901	
0,4319	21,1901	
0,4317	21,1893	
0,4317	21,1893	
0,4316	21,1883	
0,4356	20,9243	
0,4356	20,9243	
0,4356	20,9243	
0,4356	20,9243	
0,4356	20,9243	
0,4356	20,9243	
0,4356	20,924	
0,4356	20,924	
0,4356	20,924	
0,4356	20,924	
0,4356	20,924	
0,4355	20,9237	
0,4355	20,9237	
0,4355	20,9237	
0,4355	20,9237	
0,4354	20,9231	
0,4354	20,9231	
0,4354	20,9231	
0,4353	20,9224	
0,4353	20,9224	
0,4351	20,9214	
0,4397	20,5206	
0,4397	20,5206	
0,4397	20,5206	
0,4397	20,5206	
0,4397	20,5206	
0,4397	20,5206	
0,4396	20,5203	
0,4396	20,5203	
0,4396	20,5203	
0,4396	20,5203	
0,4396	20,5203	
0,4396	20,52	
0,4396	20,52	
0,4396	20,52	
0,4396	20,52	
0,4395	20,5195	
0,4395	20,5195	
0,4395	20,5195	
0,4394	20,5188	
0,4394	20,5188	
0,4392	20,518	
0,4442	19,9409	
0,4442	19,9409	
0,4442	19,9409	
0,4442	19,9409	
0,4442	19,9409	
0,4442	19,9409	
0,4442	19,9407	
0,4442	19,9407	
0,4442	19,9407	
0,4442	19,9407	
0,4442	19,9407	
0,4441	19,9404	
0,4441	19,9404	
0,4441	19,9404	
0,4441	19,9404	
0,444	19,94	
0,444	19,94	
0,444	19,94	
0,4439	19,9394	
0,4439	19,9394	
0,4438	19,9386	
0,3975	21,2928	
0,4047	21,3839	
0,4047	21,3839	
0,4045	21,3823	
0,4109	21,4486	
0,4109	21,4486	
0,4109	21,4486	
0,4107	21,4474	
0,4107	21,4474	
0,4105	21,4459	
0,4161	21,4868	
0,4161	21,4868	
0,4161	21,4868	
0,4161	21,4868	
0,416	21,4859	
0,416	21,4859	
0,416	21,4859	
0,4158	21,4849	
0,4158	21,4849	
0,4156	21,4834	
0,4208	21,496	
0,4208	21,496	
0,4208	21,496	
0,4208	21,496	
0,4208	21,496	
0,4207	21,4954	
0,4207	21,4954	
0,4207	21,4954	
0,4207	21,4954	
0,4206	21,4946	
0,4206	21,4946	
0,4206	21,4946	
0,4204	21,4936	
0,4204	21,4936	
0,4202	21,4922	
0,4251	21,4699	
0,4251	21,4699	
0,4251	21,4699	
0,4251	21,4699	
0,4251	21,4699	
0,4251	21,4699	
0,4251	21,4695	
0,4251	21,4695	
0,4251	21,4695	
0,4251	21,4695	
0,4251	21,4695	
0,425	21,4689	
0,425	21,4689	
0,425	21,4689	
0,425	21,4689	
0,4249	21,4682	
0,4249	21,4682	
0,4249	21,4682	
0,4247	21,4672	
0,4247	21,4672	
0,4245	21,4659	
0,4295	21,3971	
0,4295	21,3971	
0,4295	21,3971	
0,4295	21,3971	
0,4295	21,3971	
0,4295	21,3971	
0,4294	21,3967	
0,4294	21,3967	
0,4294	21,3967	
0,4294	21,3967	
0,4294	21,3967	
0,4294	21,3962	
0,4294	21,3962	
0,4294	21,3962	
0,4294	21,3962	
0,4292	21,3955	
0,4292	21,3955	
0,4292	21,3955	
0,4291	21,3946	
0,4291	21,3946	
0,4289	21,3933	
0,4344	21,2604	
0,4344	21,2604	
0,4344	21,2604	
0,4344	21,2604	
0,4344	21,2604	
0,4344	21,2604	
0,4343	21,26	
0,4343	21,26	
0,4343	21,26	
0,4343	21,26	
0,4343	21,26	
0,4342	21,2595	
0,4342	21,2595	
0,4342	21,2595	
0,4342	21,2595	
0,4341	21,2589	
0,4341	21,2589	
0,4341	21,2589	
0,434	21,258	
0,434	21,258	
0,4338	21,2568	
0,4401	21,0342	
0,4401	21,0342	
0,4401	21,0342	
0,4401	21,0342	
0,4401	21,0342	
0,4401	21,0342	
0,4401	21,0339	
0,4401	21,0339	
0,4401	21,0339	
0,4401	21,0339	
0,4401	21,0339	
0,44	21,0335	
0,44	21,0335	
0,44	21,0335	
0,44	21,0335	
0,4399	21,0328	
0,4399	21,0328	
0,4399	21,0328	
0,4397	21,032	
0,4397	21,032	
0,4395	21,0309	
0,4471	20,6852	
0,4471	20,6852	
0,4471	20,6852	
0,4471	20,6852	
0,4471	20,6852	
0,4471	20,6852	
0,447	20,6849	
0,447	20,6849	
0,447	20,6849	
0,447	20,6849	
0,447	20,6849	
0,447	20,6845	
0,447	20,6845	
0,447	20,6845	
0,447	20,6845	
0,4469	20,684	
0,4469	20,684	
0,4469	20,684	
0,4467	20,6833	
0,4467	20,6833	
0,4465	20,6823	
0,3905	21,2428	
0,3991	21,3456	
0,3991	21,3456	
0,3988	21,3438	
0,4063	21,4211	
0,4063	21,4211	
0,4063	21,4211	
0,4062	21,4198	
0,4062	21,4198	
0,4059	21,4183	
0,4126	21,4705	
0,4126	21,4705	
0,4126	21,4705	
0,4126	21,4705	
0,4124	21,4695	
0,4124	21,4695	
0,4124	21,4695	
0,4123	21,4683	
0,4123	21,4683	
0,412	21,4668	
0,4182	21,492	
0,4182	21,492	
0,4182	21,492	
0,4182	21,492	
0,4182	21,492	
0,4181	21,4913	
0,4181	21,4913	
0,4181	21,4913	
0,4181	21,4913	
0,4179	21,4905	
0,4179	21,4905	
0,4179	21,4905	
0,4178	21,4893	
0,4178	21,4893	
0,4175	21,4878	
0,4235	21,4811	
0,4235	21,4811	
0,4235	21,4811	
0,4235	21,4811	
0,4235	21,4811	
0,4235	21,4811	
0,4234	21,4806	
0,4234	21,4806	
0,4234	21,4806	
0,4234	21,4806	
0,4234	21,4806	
0,4233	21,48	
0,4233	21,48	
0,4233	21,48	
0,4233	21,48	
0,4232	21,4791	
0,4232	21,4791	
0,4232	21,4791	
0,423	21,478	
0,423	21,478	
0,4228	21,4767	
0,4289	21,4282	
0,4289	21,4282	
0,4289	21,4282	
0,4289	21,4282	
0,4289	21,4282	
0,4289	21,4282	
0,4288	21,4278	
0,4288	21,4278	
0,4288	21,4278	
0,4288	21,4278	
0,4288	21,4278	
0,4287	21,4272	
0,4287	21,4272	
0,4287	21,4272	
0,4287	21,4272	
0,4286	21,4264	
0,4286	21,4264	
0,4286	21,4264	
0,4284	21,4254	
0,4284	21,4254	
0,4282	21,424	
0,435	21,319	
0,435	21,319	
0,435	21,319	
0,435	21,319	
0,435	21,319	
0,435	21,319	
0,435	21,3186	
0,435	21,3186	
0,435	21,3186	
0,435	21,3186	
0,435	21,3186	
0,4349	21,3181	
0,4349	21,3181	
0,4349	21,3181	
0,4349	21,3181	
0,4348	21,3173	
0,4348	21,3173	
0,4348	21,3173	
0,4346	21,3163	
0,4346	21,3163	
0,4343	21,315	
0,4425	21,131	
0,4425	21,131	
0,4425	21,131	
0,4425	21,131	
0,4425	21,131	
0,4425	21,131	
0,4424	21,1307	
0,4424	21,1307	
0,4424	21,1307	
0,4424	21,1307	
0,4424	21,1307	
0,4423	21,1302	
0,4423	21,1302	
0,4423	21,1302	
0,4423	21,1302	
0,4422	21,1295	
0,4422	21,1295	
0,4422	21,1295	
0,442	21,1286	
0,442	21,1286	
0,4418	21,1273	
0,3826	21,1862	
0,3925	21,3013	
0,3925	21,3013	
0,3922	21,2994	
0,401	21,3882	
0,401	21,3882	
0,401	21,3882	
0,4008	21,3868	
0,4008	21,3868	
0,4005	21,3851	
0,4083	21,4486	
0,4083	21,4486	
0,4083	21,4486	
0,4083	21,4486	
0,4081	21,4475	
0,4081	21,4475	
0,4081	21,4475	
0,4079	21,4462	
0,4079	21,4462	
0,4076	21,4445	
0,4148	21,4819	
0,4148	21,4819	
0,4148	21,4819	
0,4148	21,4819	
0,4148	21,4819	
0,4147	21,4811	
0,4147	21,4811	
0,4147	21,4811	
0,4147	21,4811	
0,4145	21,4802	
0,4145	21,4802	
0,4145	21,4802	
0,4143	21,4789	
0,4143	21,4789	
0,414	21,4773	
0,4209	21,4848	
0,4209	21,4848	
0,4209	21,4848	
0,4209	21,4848	
0,4209	21,4848	
0,4209	21,4848	
0,4209	21,4843	
0,4209	21,4843	
0,4209	21,4843	
0,4209	21,4843	
0,4209	21,4843	
0,4207	21,4836	
0,4207	21,4836	
0,4207	21,4836	
0,4207	21,4836	
0,4206	21,4827	
0,4206	21,4827	
0,4206	21,4827	
0,4204	21,4814	
0,4204	21,4814	
0,4201	21,4799	
0,4272	21,4497	
0,4272	21,4497	
0,4272	21,4497	
0,4272	21,4497	
0,4272	21,4497	
0,4272	21,4497	
0,4271	21,4492	
0,4271	21,4492	
0,4271	21,4492	
0,4271	21,4492	
0,4271	21,4492	
0,427	21,4485	
0,427	21,4485	
0,427	21,4485	
0,427	21,4485	
0,4269	21,4477	
0,4269	21,4477	
0,4269	21,4477	
0,4267	21,4465	
0,4267	21,4465	
0,4264	21,445	
0,4343	21,3645	
0,4343	21,3645	
0,4343	21,3645	
0,4343	21,3645	
0,4343	21,3645	
0,4343	21,3645	
0,4342	21,3641	
0,4342	21,3641	
0,4342	21,3641	
0,4342	21,3641	
0,4342	21,3641	
0,4341	21,3634	
0,4341	21,3634	
0,4341	21,3634	
0,4341	21,3634	
0,4339	21,3626	
0,4339	21,3626	
0,4339	21,3626	
0,4337	21,3615	
0,4337	21,3615	
0,4334	21,36	
0,373	21,1192	
0,3846	21,2482	
0,3846	21,2482	
0,3842	21,2461	
0,3944	21,3475	
0,3944	21,3475	
0,3944	21,3475	
0,3941	21,3459	
0,3941	21,3459	
0,3938	21,344	
0,4029	21,4196	
0,4029	21,4196	
0,4029	21,4196	
0,4029	21,4196	
0,4027	21,4184	
0,4027	21,4184	
0,4027	21,4184	
0,4024	21,417	
0,4024	21,417	
0,4021	21,4151	
0,4104	21,4649	
0,4104	21,4649	
0,4104	21,4649	
0,4104	21,4649	
0,4104	21,4649	
0,4102	21,464	
0,4102	21,464	
0,4102	21,464	
0,4102	21,464	
0,41	21,463	
0,41	21,463	
0,41	21,463	
0,4098	21,4616	
0,4098	21,4616	
0,4095	21,4597	
0,4174	21,4812	
0,4174	21,4812	
0,4174	21,4812	
0,4174	21,4812	
0,4174	21,4812	
0,4174	21,4812	
0,4173	21,4806	
0,4173	21,4806	
0,4173	21,4806	
0,4173	21,4806	
0,4173	21,4806	
0,4171	21,4799	
0,4171	21,4799	
0,4171	21,4799	
0,4171	21,4799	
0,417	21,4789	
0,417	21,4789	
0,417	21,4789	
0,4167	21,4775	
0,4167	21,4775	
0,4164	21,4758	
0,4244	21,4627	
0,4244	21,4627	
0,4244	21,4627	
0,4244	21,4627	
0,4244	21,4627	
0,4244	21,4627	
0,4243	21,4622	
0,4243	21,4622	
0,4243	21,4622	
0,4243	21,4622	
0,4243	21,4622	
0,4242	21,4614	
0,4242	21,4614	
0,4242	21,4614	
0,4242	21,4614	
0,424	21,4604	
0,424	21,4604	
0,424	21,4604	
0,4237	21,4592	
0,4237	21,4592	
0,4234	21,4575	
0,3617	21,0413	
0,3751	21,1856	
0,3751	21,1856	
0,3747	21,1832	
0,3865	21,2984	
0,3865	21,2984	
0,3865	21,2984	
0,3862	21,2967	
0,3862	21,2967	
0,3858	21,2945	
0,3962	21,383	
0,3962	21,383	
0,3962	21,383	
0,3962	21,383	
0,396	21,3817	
0,396	21,3817	
0,396	21,3817	
0,3958	21,3801	
0,3958	21,3801	
0,3954	21,3779	
0,4048	21,4405	
0,4048	21,4405	
0,4048	21,4405	
0,4048	21,4405	
0,4048	21,4405	
0,4047	21,4395	
0,4047	21,4395	
0,4047	21,4395	
0,4047	21,4395	
0,4045	21,4383	
0,4045	21,4383	
0,4045	21,4383	
0,4042	21,4368	
0,4042	21,4368	
0,4039	21,4347	
0,4128	21,4699	
0,4128	21,4699	
0,4128	21,4699	
0,4128	21,4699	
0,4128	21,4699	
0,4128	21,4699	
0,4126	21,4693	
0,4126	21,4693	
0,4126	21,4693	
0,4126	21,4693	
0,4126	21,4693	
0,4125	21,4684	
0,4125	21,4684	
0,4125	21,4684	
0,4125	21,4684	
0,4123	21,4673	
0,4123	21,4673	
0,4123	21,4673	
0,412	21,4657	
0,412	21,4657	
0,4117	21,4638	
0,3488	20,9528	
0,3641	21,1137	
0,3641	21,1137	
0,3637	21,1111	
0,3772	21,2411	
0,3772	21,2411	
0,3772	21,2411	
0,3769	21,2392	
0,3769	21,2392	
0,3765	21,2368	
0,3884	21,3388	
0,3884	21,3388	
0,3884	21,3388	
0,3884	21,3388	
0,3882	21,3373	
0,3882	21,3373	
0,3882	21,3373	
0,3879	21,3355	
0,3879	21,3355	
0,3875	21,3332	
0,3983	21,4087	
0,3983	21,4087	
0,3983	21,4087	
0,3983	21,4087	
0,3983	21,4087	
0,3981	21,4076	
0,3981	21,4076	
0,3981	21,4076	
0,3981	21,4076	
0,3978	21,4063	
0,3978	21,4063	
0,3978	21,4063	
0,3975	21,4046	
0,3975	21,4046	
0,3971	21,4023	
0,3334	20,8491	
0,351	21,0286	
0,351	21,0286	
0,3505	21,0257	
0,366	21,1724	
0,366	21,1724	
0,366	21,1724	
0,3657	21,1702	
0,3657	21,1702	
0,3652	21,1675	
0,379	21,2845	
0,379	21,2845	
0,379	21,2845	
0,379	21,2845	
0,3787	21,2829	
0,3787	21,2829	
0,3787	21,2829	
0,3783	21,2809	
0,3783	21,2809	
0,3779	21,2783	
0,3156	20,7298	
0,3355	20,9299	
0,3355	20,9299	
0,335	20,9267	
0,3528	21,0917	
0,3528	21,0917	
0,3528	21,0917	
0,3524	21,0892	
0,3524	21,0892	
0,3519	21,0863	
0,4109	21,2631	
0,4171	21,3422	
0,4171	21,3422	
0,4169	21,3408	
0,4222	21,3957	
0,4222	21,3957	
0,4222	21,3957	
0,4221	21,3946	
0,4221	21,3946	
0,4219	21,3933	
0,4265	21,4227	
0,4265	21,4227	
0,4265	21,4227	
0,4265	21,4227	
0,4264	21,4219	
0,4264	21,4219	
0,4264	21,4219	
0,4262	21,421	
0,4262	21,421	
0,426	21,4197	
0,4301	21,4195	
0,4301	21,4195	
0,4301	21,4195	
0,4301	21,4195	
0,4301	21,4195	
0,43	21,4189	
0,43	21,4189	
0,43	21,4189	
0,43	21,4189	
0,4299	21,4182	
0,4299	21,4182	
0,4299	21,4182	
0,4298	21,4173	
0,4298	21,4173	
0,4296	21,4161	
0,4333	21,3782	
0,4333	21,3782	
0,4333	21,3782	
0,4333	21,3782	
0,4333	21,3782	
0,4333	21,3782	
0,4332	21,3778	
0,4332	21,3778	
0,4332	21,3778	
0,4332	21,3778	
0,4332	21,3778	
0,4331	21,3773	
0,4331	21,3773	
0,4331	21,3773	
0,4331	21,3773	
0,433	21,3767	
0,433	21,3767	
0,433	21,3767	
0,4329	21,3758	
0,4329	21,3758	
0,4327	21,3747	
0,4362	21,2855	
0,4362	21,2855	
0,4362	21,2855	
0,4362	21,2855	
0,4362	21,2855	
0,4362	21,2855	
0,4361	21,2852	
0,4361	21,2852	
0,4361	21,2852	
0,4361	21,2852	
0,4361	21,2852	
0,4361	21,2847	
0,4361	21,2847	
0,4361	21,2847	
0,4361	21,2847	
0,436	21,2841	
0,436	21,2841	
0,436	21,2841	
0,4358	21,2833	
0,4358	21,2833	
0,4357	21,2822	
0,4391	21,1217	
0,4391	21,1217	
0,4391	21,1217	
0,4391	21,1217	
0,4391	21,1217	
0,4391	21,1217	
0,439	21,1213	
0,439	21,1213	
0,439	21,1213	
0,439	21,1213	
0,439	21,1213	
0,439	21,1209	
0,439	21,1209	
0,439	21,1209	
0,439	21,1209	
0,4389	21,1203	
0,4389	21,1203	
0,4389	21,1203	
0,4387	21,1195	
0,4387	21,1195	
0,4386	21,1185	
0,4422	20,8584	
0,4422	20,8584	
0,4422	20,8584	
0,4422	20,8584	
0,4422	20,8584	
0,4422	20,8584	
0,4421	20,8581	
0,4421	20,8581	
0,4421	20,8581	
0,4421	20,8581	
0,4421	20,8581	
0,442	20,8577	
0,442	20,8577	
0,442	20,8577	
0,442	20,8577	
0,442	20,8572	
0,442	20,8572	
0,442	20,8572	
0,4418	20,8565	
0,4418	20,8565	
0,4417	20,8555	
0,4456	20,4601	
0,4456	20,4601	
0,4456	20,4601	
0,4456	20,4601	
0,4456	20,4601	
0,4456	20,4601	
0,4455	20,4598	
0,4455	20,4598	
0,4455	20,4598	
0,4455	20,4598	
0,4455	20,4598	
0,4454	20,4595	
0,4454	20,4595	
0,4454	20,4595	
0,4454	20,4595	
0,4454	20,459	
0,4454	20,459	
0,4454	20,459	
0,4452	20,4584	
0,4452	20,4584	
0,4451	20,4575	
0,4493	19,8874	
0,4493	19,8874	
0,4493	19,8874	
0,4493	19,8874	
0,4493	19,8874	
0,4493	19,8874	
0,4493	19,8872	
0,4493	19,8872	
0,4493	19,8872	
0,4493	19,8872	
0,4493	19,8872	
0,4492	19,8869	
0,4492	19,8869	
0,4492	19,8869	
0,4492	19,8869	
0,4491	19,8865	
0,4491	19,8865	
0,4491	19,8865	
0,449	19,886	
0,449	19,886	
0,4489	19,8852	
0,4533	19,1057	
0,4533	19,1057	
0,4533	19,1057	
0,4533	19,1057	
0,4533	19,1057	
0,4533	19,1057	
0,4532	19,1055	
0,4532	19,1055	
0,4532	19,1055	
0,4532	19,1055	
0,4532	19,1055	
0,4532	19,1053	
0,4532	19,1053	
0,4532	19,1053	
0,4532	19,1053	
0,4531	19,105	
0,4531	19,105	
0,4531	19,105	
0,453	19,1045	
0,453	19,1045	
0,4052	21,2222	
0,4126	21,3118	
0,4126	21,3118	
0,4123	21,3102	
0,4187	21,3753	
0,4187	21,3753	
0,4187	21,3753	
0,4185	21,3741	
0,4185	21,3741	
0,4183	21,3727	
0,4239	21,4128	
0,4239	21,4128	
0,4239	21,4128	
0,4239	21,4128	
0,4238	21,4119	
0,4238	21,4119	
0,4238	21,4119	
0,4237	21,4109	
0,4237	21,4109	
0,4235	21,4095	
0,4285	21,4218	
0,4285	21,4218	
0,4285	21,4218	
0,4285	21,4218	
0,4285	21,4218	
0,4284	21,4211	
0,4284	21,4211	
0,4284	21,4211	
0,4284	21,4211	
0,4283	21,4204	
0,4283	21,4204	
0,4283	21,4204	
0,4282	21,4194	
0,4282	21,4194	
0,428	21,418	
0,4328	21,3961	
0,4328	21,3961	
0,4328	21,3961	
0,4328	21,3961	
0,4328	21,3961	
0,4328	21,3961	
0,4327	21,3956	
0,4327	21,3956	
0,4327	21,3956	
0,4327	21,3956	
0,4327	21,3956	
0,4326	21,3951	
0,4326	21,3951	
0,4326	21,3951	
0,4326	21,3951	
0,4325	21,3943	
0,4325	21,3943	
0,4325	21,3943	
0,4323	21,3934	
0,4323	21,3934	
0,4321	21,3921	
0,4369	21,3243	
0,4369	21,3243	
0,4369	21,3243	
0,4369	21,3243	
0,4369	21,3243	
0,4369	21,3243	
0,4369	21,324	
0,4369	21,324	
0,4369	21,324	
0,4369	21,324	
0,4369	21,324	
0,4368	21,3234	
0,4368	21,3234	
0,4368	21,3234	
0,4368	21,3234	
0,4367	21,3227	
0,4367	21,3227	
0,4367	21,3227	
0,4365	21,3218	
0,4365	21,3218	
0,4363	21,3206	
0,4415	21,1897	
0,4415	21,1897	
0,4415	21,1897	
0,4415	21,1897	
0,4415	21,1897	
0,4415	21,1897	
0,4414	21,1893	
0,4414	21,1893	
0,4414	21,1893	
0,4414	21,1893	
0,4414	21,1893	
0,4414	21,1888	
0,4414	21,1888	
0,4414	21,1888	
0,4414	21,1888	
0,4412	21,1882	
0,4412	21,1882	
0,4412	21,1882	
0,4411	21,1873	
0,4411	21,1873	
0,4409	21,1861	
0,4468	20,9668	
0,4468	20,9668	
0,4468	20,9668	
0,4468	20,9668	
0,4468	20,9668	
0,4468	20,9668	
0,4467	20,9665	
0,4467	20,9665	
0,4467	20,9665	
0,4467	20,9665	
0,4467	20,9665	
0,4467	20,966	
0,4467	20,966	
0,4467	20,966	
0,4467	20,966	
0,4466	20,9654	
0,4466	20,9654	
0,4466	20,9654	
0,4464	20,9646	
0,4464	20,9646	
0,4462	20,9636	
0,4532	20,6226	
0,4532	20,6226	
0,4532	20,6226	
0,4532	20,6226	
0,4532	20,6226	
0,4532	20,6226	
0,4531	20,6223	
0,4531	20,6223	
0,4531	20,6223	
0,4531	20,6223	
0,4531	20,6223	
0,453	20,6219	
0,453	20,6219	
0,453	20,6219	
0,453	20,6219	
0,4529	20,6214	
0,4529	20,6214	
0,4529	20,6214	
0,4528	20,6207	
0,4528	20,6207	
0,4526	20,6197	
0,4607	20,1184	
0,4607	20,1184	
0,4607	20,1184	
0,4607	20,1184	
0,4607	20,1184	
0,4607	20,1184	
0,4607	20,1182	
0,4607	20,1182	
0,4607	20,1182	
0,4607	20,1182	
0,4607	20,1182	
0,4606	20,1178	
0,4606	20,1178	
0,4606	20,1178	
0,4606	20,1178	
0,4606	20,1174	
0,4606	20,1174	
0,4606	20,1174	
0,4604	20,1168	
0,4604	20,1168	
0,4602	20,1158	
0,3983	21,1732	
0,407	21,2742	
0,407	21,2742	
0,4067	21,2725	
0,4142	21,3485	
0,4142	21,3485	
0,4142	21,3485	
0,414	21,3473	
0,414	21,3473	
0,4138	21,3457	
0,4205	21,397	
0,4205	21,397	
0,4205	21,397	
0,4205	21,397	
0,4203	21,396	
0,4203	21,396	
0,4203	21,396	
0,4202	21,3949	
0,4202	21,3949	
0,4199	21,3934	
0,426	21,4181	
0,426	21,4181	
0,426	21,4181	
0,426	21,4181	
0,426	21,4181	
0,4259	21,4174	
0,4259	21,4174	
0,4259	21,4174	
0,4259	21,4174	
0,4258	21,4166	
0,4258	21,4166	
0,4258	21,4166	
0,4256	21,4155	
0,4256	21,4155	
0,4254	21,414	
0,4312	21,4073	
0,4312	21,4073	
0,4312	21,4073	
0,4312	21,4073	
0,4312	21,4073	
0,4312	21,4073	
0,4311	21,4068	
0,4311	21,4068	
0,4311	21,4068	
0,4311	21,4068	
0,4311	21,4068	
0,431	21,4062	
0,431	21,4062	
0,431	21,4062	
0,431	21,4062	
0,4309	21,4054	
0,4309	21,4054	
0,4309	21,4054	
0,4307	21,4043	
0,4307	21,4043	
0,4305	21,403	
0,4365	21,3553	
0,4365	21,3553	
0,4365	21,3553	
0,4365	21,3553	
0,4365	21,3553	
0,4365	21,3553	
0,4364	21,3549	
0,4364	21,3549	
0,4364	21,3549	
0,4364	21,3549	
0,4364	21,3549	
0,4363	21,3543	
0,4363	21,3543	
0,4363	21,3543	
0,4363	21,3543	
0,4362	21,3535	
0,4362	21,3535	
0,4362	21,3535	
0,436	21,3525	
0,436	21,3525	
0,4358	21,3512	
0,4423	21,2478	
0,4423	21,2478	
0,4423	21,2478	
0,4423	21,2478	
0,4423	21,2478	
0,4423	21,2478	
0,4422	21,2474	
0,4422	21,2474	
0,4422	21,2474	
0,4422	21,2474	
0,4422	21,2474	
0,4421	21,2468	
0,4421	21,2468	
0,4421	21,2468	
0,4421	21,2468	
0,442	21,2461	
0,442	21,2461	
0,442	21,2461	
0,4419	21,2451	
0,4419	21,2451	
0,4416	21,2438	
0,4493	21,0626	
0,4493	21,0626	
0,4493	21,0626	
0,4493	21,0626	
0,4493	21,0626	
0,4493	21,0626	
0,4493	21,0623	
0,4493	21,0623	
0,4493	21,0623	
0,4493	21,0623	
0,4493	21,0623	
0,4492	21,0618	
0,4492	21,0618	
0,4492	21,0618	
0,4492	21,0618	
0,449	21,0611	
0,449	21,0611	
0,449	21,0611	
0,4489	21,0602	
0,4489	21,0602	
0,4486	21,059	
0,458	20,7697	
0,458	20,7697	
0,458	20,7697	
0,458	20,7697	
0,458	20,7697	
0,458	20,7697	
0,458	20,7694	
0,458	20,7694	
0,458	20,7694	
0,458	20,7694	
0,458	20,7694	
0,4579	20,7689	
0,4579	20,7689	
0,4579	20,7689	
0,4579	20,7689	
0,4578	20,7683	
0,4578	20,7683	
0,4578	20,7683	
0,4576	20,7675	
0,4576	20,7675	
0,4574	20,7664	
0,3904	21,1176	
0,4004	21,2309	
0,4004	21,2309	
0,4002	21,229	
0,4089	21,3164	
0,4089	21,3164	
0,4089	21,3164	
0,4087	21,315	
0,4087	21,315	
0,4085	21,3133	
0,4162	21,3758	
0,4162	21,3758	
0,4162	21,3758	
0,4162	21,3758	
0,4161	21,3747	
0,4161	21,3747	
0,4161	21,3747	
0,4159	21,3734	
0,4159	21,3734	
0,4156	21,3718	
0,4227	21,4085	
0,4227	21,4085	
0,4227	21,4085	
0,4227	21,4085	
0,4227	21,4085	
0,4226	21,4077	
0,4226	21,4077	
0,4226	21,4077	
0,4226	21,4077	
0,4224	21,4068	
0,4224	21,4068	
0,4224	21,4068	
0,4222	21,4056	
0,4222	21,4056	
0,422	21,4039	
0,4288	21,4113	
0,4288	21,4113	
0,4288	21,4113	
0,4288	21,4113	
0,4288	21,4113	
0,4288	21,4113	
0,4287	21,4108	
0,4287	21,4108	
0,4287	21,4108	
0,4287	21,4108	
0,4287	21,4108	
0,4286	21,4101	
0,4286	21,4101	
0,4286	21,4101	
0,4286	21,4101	
0,4284	21,4092	
0,4284	21,4092	
0,4284	21,4092	
0,4282	21,408	
0,4282	21,408	
0,4279	21,4065	
0,4349	21,3768	
0,4349	21,3768	
0,4349	21,3768	
0,4349	21,3768	
0,4349	21,3768	
0,4349	21,3768	
0,4348	21,3763	
0,4348	21,3763	
0,4348	21,3763	
0,4348	21,3763	
0,4348	21,3763	
0,4347	21,3757	
0,4347	21,3757	
0,4347	21,3757	
0,4347	21,3757	
0,4345	21,3748	
0,4345	21,3748	
0,4345	21,3748	
0,4343	21,3737	
0,4343	21,3737	
0,4341	21,3722	
0,4417	21,293	
0,4417	21,293	
0,4417	21,293	
0,4417	21,293	
0,4417	21,293	
0,4417	21,293	
0,4416	21,2925	
0,4416	21,2925	
0,4416	21,2925	
0,4416	21,2925	
0,4416	21,2925	
0,4415	21,2919	
0,4415	21,2919	
0,4415	21,2919	
0,4415	21,2919	
0,4413	21,2911	
0,4413	21,2911	
0,4413	21,2911	
0,4411	21,2901	
0,4411	21,2901	
0,4409	21,2886	
0,4499	21,1408	
0,4499	21,1408	
0,4499	21,1408	
0,4499	21,1408	
0,4499	21,1408	
0,4499	21,1408	
0,4498	21,1404	
0,4498	21,1404	
0,4498	21,1404	
0,4498	21,1404	
0,4498	21,1404	
0,4497	21,1398	
0,4497	21,1398	
0,4497	21,1398	
0,4497	21,1398	
0,4496	21,1391	
0,4496	21,1391	
0,4496	21,1391	
0,4494	21,138	
0,4494	21,138	
0,4491	21,1367	
0,3809	21,052	
0,3926	21,179	
0,3926	21,179	
0,3922	21,1769	
0,4024	21,2767	
0,4024	21,2767	
0,4024	21,2767	
0,4022	21,2751	
0,4022	21,2751	
0,4019	21,2732	
0,4109	21,3476	
0,4109	21,3476	
0,4109	21,3476	
0,4109	21,3476	
0,4107	21,3465	
0,4107	21,3465	
0,4107	21,3465	
0,4105	21,345	
0,4105	21,345	
0,4102	21,3432	
0,4184	21,3921	
0,4184	21,3921	
0,4184	21,3921	
0,4184	21,3921	
0,4184	21,3921	
0,4182	21,3913	
0,4182	21,3913	
0,4182	21,3913	
0,4182	21,3913	
0,4181	21,3903	
0,4181	21,3903	
0,4181	21,3903	
0,4178	21,3889	
0,4178	21,3889	
0,4175	21,3871	
0,4253	21,4082	
0,4253	21,4082	
0,4253	21,4082	
0,4253	21,4082	
0,4253	21,4082	
0,4253	21,4082	
0,4252	21,4077	
0,4252	21,4077	
0,4252	21,4077	
0,4252	21,4077	
0,4252	21,4077	
0,4251	21,4069	
0,4251	21,4069	
0,4251	21,4069	
0,4251	21,4069	
0,4249	21,4059	
0,4249	21,4059	
0,4249	21,4059	
0,4247	21,4046	
0,4247	21,4046	
0,4244	21,4029	
0,4322	21,39	
0,4322	21,39	
0,4322	21,39	
0,4322	21,39	
0,4322	21,39	
0,4322	21,39	
0,4321	21,3895	
0,4321	21,3895	
0,4321	21,3895	
0,4321	21,3895	
0,4321	21,3895	
0,432	21,3888	
0,432	21,3888	
0,432	21,3888	
0,432	21,3888	
0,4318	21,3878	
0,4318	21,3878	
0,4318	21,3878	
0,4316	21,3866	
0,4316	21,3866	
0,4312	21,3849	
0,4397	21,3279	
0,4397	21,3279	
0,4397	21,3279	
0,4397	21,3279	
0,4397	21,3279	
0,4397	21,3279	
0,4397	21,3274	
0,4397	21,3274	
0,4397	21,3274	
0,4397	21,3274	
0,4397	21,3274	
0,4395	21,3268	
0,4395	21,3268	
0,4395	21,3268	
0,4395	21,3268	
0,4394	21,3259	
0,4394	21,3259	
0,4394	21,3259	
0,4391	21,3247	
0,4391	21,3247	
0,4388	21,323	
0,3697	20,9755	
0,3832	21,1176	
0,3832	21,1176	
0,3828	21,1153	
0,3946	21,2288	
0,3946	21,2288	
0,3946	21,2288	
0,3943	21,227	
0,3943	21,227	
0,394	21,2249	
0,4044	21,312	
0,4044	21,312	
0,4044	21,312	
0,4044	21,312	
0,4042	21,3107	
0,4042	21,3107	
0,4042	21,3107	
0,4039	21,3091	
0,4039	21,3091	
0,4036	21,3071	
0,413	21,3686	
0,413	21,3686	
0,413	21,3686	
0,413	21,3686	
0,413	21,3686	
0,4128	21,3677	
0,4128	21,3677	
0,4128	21,3677	
0,4128	21,3677	
0,4126	21,3665	
0,4126	21,3665	
0,4126	21,3665	
0,4124	21,365	
0,4124	21,365	
0,412	21,363	
0,4208	21,3976	
0,4208	21,3976	
0,4208	21,3976	
0,4208	21,3976	
0,4208	21,3976	
0,4208	21,3976	
0,4207	21,397	
0,4207	21,397	
0,4207	21,397	
0,4207	21,397	
0,4207	21,397	
0,4206	21,3961	
0,4206	21,3961	
0,4206	21,3961	
0,4206	21,3961	
0,4204	21,395	
0,4204	21,395	
0,4204	21,395	
0,4201	21,3935	
0,4201	21,3935	
0,4197	21,3916	
0,4284	21,3946	
0,4284	21,3946	
0,4284	21,3946	
0,4284	21,3946	
0,4284	21,3946	
0,4284	21,3946	
0,4283	21,394	
0,4283	21,394	
0,4283	21,394	
0,4283	21,394	
0,4283	21,394	
0,4282	21,3932	
0,4282	21,3932	
0,4282	21,3932	
0,4282	21,3932	
0,428	21,3921	
0,428	21,3921	
0,428	21,3921	
0,4277	21,3908	
0,4277	21,3908	
0,4273	21,3889	
0,3569	20,889	
0,3723	21,0475	
0,3723	21,0475	
0,3719	21,045	
0,3855	21,1731	
0,3855	21,1731	
0,3855	21,1731	
0,3852	21,1711	
0,3852	21,1711	
0,3848	21,1688	
0,3968	21,2692	
0,3968	21,2692	
0,3968	21,2692	
0,3968	21,2692	
0,3965	21,2678	
0,3965	21,2678	
0,3965	21,2678	
0,3962	21,266	
0,3962	21,266	
0,3958	21,2637	
0,4066	21,338	
0,4066	21,338	
0,4066	21,338	
0,4066	21,338	
0,4066	21,338	
0,4064	21,337	
0,4064	21,337	
0,4064	21,337	
0,4064	21,337	
0,4061	21,3357	
0,4061	21,3357	
0,4061	21,3357	
0,4058	21,334	
0,4058	21,334	
0,4054	21,3318	
0,4154	21,3796	
0,4154	21,3796	
0,4154	21,3796	
0,4154	21,3796	
0,4154	21,3796	
0,4154	21,3796	
0,4153	21,3788	
0,4153	21,3788	
0,4153	21,3788	
0,4153	21,3788	
0,4153	21,3788	
0,4151	21,3779	
0,4151	21,3779	
0,4151	21,3779	
0,4151	21,3779	
0,4148	21,3767	
0,4148	21,3767	
0,4148	21,3767	
0,4145	21,375	
0,4145	21,375	
0,4141	21,3729	
0,3419	20,7891	
0,3595	20,9658	
0,3595	20,9658	
0,3591	20,9629	
0,3746	21,1072	
0,3746	21,1072	
0,3746	21,1072	
0,3743	21,105	
0,3743	21,105	
0,3738	21,1024	
0,3876	21,2174	
0,3876	21,2174	
0,3876	21,2174	
0,3876	21,2174	
0,3873	21,2158	
0,3873	21,2158	
0,3873	21,2158	
0,387	21,2139	
0,387	21,2139	
0,3865	21,2113	
0,3988	21,2992	
0,3988	21,2992	
0,3988	21,2992	
0,3988	21,2992	
0,3988	21,2992	
0,3986	21,298	
0,3986	21,298	
0,3986	21,298	
0,3986	21,298	
0,3983	21,2966	
0,3983	21,2966	
0,3983	21,2966	
0,398	21,2947	
0,398	21,2947	
0,3975	21,2922	
0,3241	20,6712	
0,3442	20,8685	
0,3442	20,8685	
0,3436	20,8654	
0,3615	21,0279	
0,3615	21,0279	
0,3615	21,0279	
0,3611	21,0255	
0,3611	21,0255	
0,3606	21,0226	
0,3764	21,1539	
0,3764	21,1539	
0,3764	21,1539	
0,3764	21,1539	
0,3761	21,1522	
0,3761	21,1522	
0,3761	21,1522	
0,3757	21,15	
0,3757	21,15	
0,3752	21,1471	
0,4149	21,0883	
0,4222	21,175	
0,4222	21,175	
0,422	21,1735	
0,4283	21,2365	
0,4283	21,2365	
0,4283	21,2365	
0,4281	21,2353	
0,4281	21,2353	
0,4279	21,234	
0,4334	21,2727	
0,4334	21,2727	
0,4334	21,2727	
0,4334	21,2727	
0,4333	21,2719	
0,4333	21,2719	
0,4333	21,2719	
0,4332	21,2709	
0,4332	21,2709	
0,433	21,2696	
0,4379	21,2814	
0,4379	21,2814	
0,4379	21,2814	
0,4379	21,2814	
0,4379	21,2814	
0,4378	21,2808	
0,4378	21,2808	
0,4378	21,2808	
0,4378	21,2808	
0,4377	21,2801	
0,4377	21,2801	
0,4377	21,2801	
0,4376	21,2791	
0,4376	21,2791	
0,4374	21,2778	
0,442	21,2564	
0,442	21,2564	
0,442	21,2564	
0,442	21,2564	
0,442	21,2564	
0,442	21,2564	
0,4419	21,256	
0,4419	21,256	
0,4419	21,256	
0,4419	21,256	
0,4419	21,256	
0,4418	21,2555	
0,4418	21,2555	
0,4418	21,2555	
0,4418	21,2555	
0,4417	21,2548	
0,4417	21,2548	
0,4417	21,2548	
0,4416	21,2538	
0,4416	21,2538	
0,4414	21,2526	
0,4459	21,1869	
0,4459	21,1869	
0,4459	21,1869	
0,4459	21,1869	
0,4459	21,1869	
0,4459	21,1869	
0,4458	21,1865	
0,4458	21,1865	
0,4458	21,1865	
0,4458	21,1865	
0,4458	21,1865	
0,4457	21,186	
0,4457	21,186	
0,4457	21,186	
0,4457	21,186	
0,4456	21,1853	
0,4456	21,1853	
0,4456	21,1853	
0,4455	21,1844	
0,4455	21,1844	
0,4453	21,1833	
0,45	21,0562	
0,45	21,0562	
0,45	21,0562	
0,45	21,0562	
0,45	21,0562	
0,45	21,0562	
0,45	21,0558	
0,45	21,0558	
0,45	21,0558	
0,45	21,0558	
0,45	21,0558	
0,4499	21,0554	
0,4499	21,0554	
0,4499	21,0554	
0,4499	21,0554	
0,4498	21,0547	
0,4498	21,0547	
0,4498	21,0547	
0,4496	21,0539	
0,4496	21,0539	
0,4494	21,0528	
0,4547	20,8397	
0,4547	20,8397	
0,4547	20,8397	
0,4547	20,8397	
0,4547	20,8397	
0,4547	20,8397	
0,4547	20,8394	
0,4547	20,8394	
0,4547	20,8394	
0,4547	20,8394	
0,4547	20,8394	
0,4546	20,839	
0,4546	20,839	
0,4546	20,839	
0,4546	20,839	
0,4545	20,8384	
0,4545	20,8384	
0,4545	20,8384	
0,4544	20,8376	
0,4544	20,8376	
0,4542	20,8366	
0,4603	20,5048	
0,4603	20,5048	
0,4603	20,5048	
0,4603	20,5048	
0,4603	20,5048	
0,4603	20,5048	
0,4603	20,5045	
0,4603	20,5045	
0,4603	20,5045	
0,4603	20,5045	
0,4603	20,5045	
0,4602	20,5041	
0,4602	20,5041	
0,4602	20,5041	
0,4602	20,5041	
0,4601	20,5036	
0,4601	20,5036	
0,4601	20,5036	
0,46	20,5029	
0,46	20,5029	
0,4598	20,502	
0,467	20,0129	
0,467	20,0129	
0,467	20,0129	
0,467	20,0129	
0,467	20,0129	
0,467	20,0129	
0,4669	20,0127	
0,4669	20,0127	
0,4669	20,0127	
0,4669	20,0127	
0,4669	20,0127	
0,4669	20,0124	
0,4669	20,0124	
0,4669	20,0124	
0,4669	20,0124	
0,4668	20,0119	
0,4668	20,0119	
0,4668	20,0119	
0,4667	20,0113	
0,4667	20,0113	
0,4665	20,0105	
0,4745	19,3262	
0,4745	19,3262	
0,4745	19,3262	
0,4745	19,3262	
0,4745	19,3262	
0,4745	19,3262	
0,4745	19,326	
0,4745	19,326	
0,4745	19,326	
0,4745	19,326	
0,4745	19,326	
0,4744	19,3257	
0,4744	19,3257	
0,4744	19,3257	
0,4744	19,3257	
0,4743	19,3254	
0,4743	19,3254	
0,4743	19,3254	
0,4742	19,3249	
0,4742	19,3249	
0,4081	21,0408	
0,4167	21,1388	
0,4167	21,1388	
0,4165	21,1371	
0,4239	21,2108	
0,4239	21,2108	
0,4239	21,2108	
0,4237	21,2095	
0,4237	21,2095	
0,4235	21,208	
0,4301	21,2576	
0,4301	21,2576	
0,4301	21,2576	
0,4301	21,2576	
0,4299	21,2567	
0,4299	21,2567	
0,4299	21,2567	
0,4298	21,2556	
0,4298	21,2556	
0,4296	21,2541	
0,4355	21,2781	
0,4355	21,2781	
0,4355	21,2781	
0,4355	21,2781	
0,4355	21,2781	
0,4354	21,2774	
0,4354	21,2774	
0,4354	21,2774	
0,4354	21,2774	
0,4353	21,2766	
0,4353	21,2766	
0,4353	21,2766	
0,4351	21,2755	
0,4351	21,2755	
0,4349	21,2741	
0,4405	21,2676	
0,4405	21,2676	
0,4405	21,2676	
0,4405	21,2676	
0,4405	21,2676	
0,4405	21,2676	
0,4404	21,2671	
0,4404	21,2671	
0,4404	21,2671	
0,4404	21,2671	
0,4404	21,2671	
0,4404	21,2665	
0,4404	21,2665	
0,4404	21,2665	
0,4404	21,2665	
0,4402	21,2657	
0,4402	21,2657	
0,4402	21,2657	
0,4401	21,2647	
0,4401	21,2647	
0,4398	21,2634	
0,4455	21,2171	
0,4455	21,2171	
0,4455	21,2171	
0,4455	21,2171	
0,4455	21,2171	
0,4455	21,2171	
0,4454	21,2167	
0,4454	21,2167	
0,4454	21,2167	
0,4454	21,2167	
0,4454	21,2167	
0,4453	21,2162	
0,4453	21,2162	
0,4453	21,2162	
0,4453	21,2162	
0,4452	21,2154	
0,4452	21,2154	
0,4452	21,2154	
0,445	21,2144	
0,445	21,2144	
0,4448	21,2131	
0,451	21,1128	
0,451	21,1128	
0,451	21,1128	
0,451	21,1128	
0,451	21,1128	
0,451	21,1128	
0,4509	21,1125	
0,4509	21,1125	
0,4509	21,1125	
0,4509	21,1125	
0,4509	21,1125	
0,4508	21,1119	
0,4508	21,1119	
0,4508	21,1119	
0,4508	21,1119	
0,4507	21,1112	
0,4507	21,1112	
0,4507	21,1112	
0,4505	21,1103	
0,4505	21,1103	
0,4503	21,109	
0,4574	20,9331	
0,4574	20,9331	
0,4574	20,9331	
0,4574	20,9331	
0,4574	20,9331	
0,4574	20,9331	
0,4574	20,9328	
0,4574	20,9328	
0,4574	20,9328	
0,4574	20,9328	
0,4574	20,9328	
0,4573	20,9323	
0,4573	20,9323	
0,4573	20,9323	
0,4573	20,9323	
0,4572	20,9316	
0,4572	20,9316	
0,4572	20,9316	
0,457	20,9308	
0,457	20,9308	
0,4568	20,9296	
0,4654	20,6483	
0,4654	20,6483	
0,4654	20,6483	
0,4654	20,6483	
0,4654	20,6483	
0,4654	20,6483	
0,4653	20,648	
0,4653	20,648	
0,4653	20,648	
0,4653	20,648	
0,4653	20,648	
0,4653	20,6476	
0,4653	20,6476	
0,4653	20,6476	
0,4653	20,6476	
0,4651	20,647	
0,4651	20,647	
0,4651	20,647	
0,465	20,6462	
0,465	20,6462	
0,4648	20,6451	
0,4752	20,2217	
0,4752	20,2217	
0,4752	20,2217	
0,4752	20,2217	
0,4752	20,2217	
0,4752	20,2217	
0,4752	20,2215	
0,4752	20,2215	
0,4752	20,2215	
0,4752	20,2215	
0,4752	20,2215	
0,4751	20,2211	
0,4751	20,2211	
0,4751	20,2211	
0,4751	20,2211	
0,475	20,2206	
0,475	20,2206	
0,475	20,2206	
0,4748	20,2199	
0,4748	20,2199	
0,4746	20,2189	
0,4003	20,987	
0,4103	21,0969	
0,4103	21,0969	
0,41	21,0951	
0,4187	21,1798	
0,4187	21,1798	
0,4187	21,1798	
0,4185	21,1784	
0,4185	21,1784	
0,4183	21,1768	
0,426	21,2373	
0,426	21,2373	
0,426	21,2373	
0,426	21,2373	
0,4258	21,2363	
0,4258	21,2363	
0,4258	21,2363	
0,4256	21,235	
0,4256	21,235	
0,4253	21,2334	
0,4323	21,269	
0,4323	21,269	
0,4323	21,269	
0,4323	21,269	
0,4323	21,269	
0,4322	21,2683	
0,4322	21,2683	
0,4322	21,2683	
0,4322	21,2683	
0,432	21,2674	
0,432	21,2674	
0,432	21,2674	
0,4318	21,2662	
0,4318	21,2662	
0,4316	21,2646	
0,4382	21,2717	
0,4382	21,2717	
0,4382	21,2717	
0,4382	21,2717	
0,4382	21,2717	
0,4382	21,2717	
0,4381	21,2712	
0,4381	21,2712	
0,4381	21,2712	
0,4381	21,2712	
0,4381	21,2712	
0,438	21,2706	
0,438	21,2706	
0,438	21,2706	
0,438	21,2706	
0,4378	21,2697	
0,4378	21,2697	
0,4378	21,2697	
0,4376	21,2685	
0,4376	21,2685	
0,4374	21,2671	
0,444	21,2382	
0,444	21,2382	
0,444	21,2382	
0,444	21,2382	
0,444	21,2382	
0,444	21,2382	
0,444	21,2378	
0,444	21,2378	
0,444	21,2378	
0,444	21,2378	
0,444	21,2378	
0,4439	21,2372	
0,4439	21,2372	
0,4439	21,2372	
0,4439	21,2372	
0,4437	21,2363	
0,4437	21,2363	
0,4437	21,2363	
0,4435	21,2352	
0,4435	21,2352	
0,4432	21,2338	
0,4505	21,157	
0,4505	21,157	
0,4505	21,157	
0,4505	21,157	
0,4505	21,157	
0,4505	21,157	
0,4504	21,1566	
0,4504	21,1566	
0,4504	21,1566	
0,4504	21,1566	
0,4504	21,1566	
0,4503	21,156	
0,4503	21,156	
0,4503	21,156	
0,4503	21,156	
0,4502	21,1552	
0,4502	21,1552	
0,4502	21,1552	
0,45	21,1542	
0,45	21,1542	
0,4497	21,1528	
0,4582	21,0094	
0,4582	21,0094	
0,4582	21,0094	
0,4582	21,0094	
0,4582	21,0094	
0,4582	21,0094	
0,4581	21,009	
0,4581	21,009	
0,4581	21,009	
0,4581	21,009	
0,4581	21,009	
0,458	21,0085	
0,458	21,0085	
0,458	21,0085	
0,458	21,0085	
0,4578	21,0078	
0,4578	21,0078	
0,4578	21,0078	
0,4577	21,0068	
0,4577	21,0068	
0,4574	21,0055	
0,4678	20,7688	
0,4678	20,7688	
0,4678	20,7688	
0,4678	20,7688	
0,4678	20,7688	
0,4678	20,7688	
0,4677	20,7685	
0,4677	20,7685	
0,4677	20,7685	
0,4677	20,7685	
0,4677	20,7685	
0,4676	20,768	
0,4676	20,768	
0,4676	20,768	
0,4676	20,768	
0,4675	20,7673	
0,4675	20,7673	
0,4675	20,7673	
0,4673	20,7664	
0,4673	20,7664	
0,467	20,7652	
0,391	20,9235	
0,4026	21,0468	
0,4026	21,0468	
0,4023	21,0447	
0,4124	21,1416	
0,4124	21,1416	
0,4124	21,1416	
0,4121	21,14	
0,4121	21,14	
0,4118	21,1382	
0,4208	21,2103	
0,4208	21,2103	
0,4208	21,2103	
0,4208	21,2103	
0,4206	21,2092	
0,4206	21,2092	
0,4206	21,2092	
0,4204	21,2078	
0,4204	21,2078	
0,4201	21,206	
0,4281	21,2535	
0,4281	21,2535	
0,4281	21,2535	
0,4281	21,2535	
0,4281	21,2535	
0,428	21,2526	
0,428	21,2526	
0,428	21,2526	
0,428	21,2526	
0,4278	21,2516	
0,4278	21,2516	
0,4278	21,2516	
0,4276	21,2503	
0,4276	21,2503	
0,4273	21,2485	
0,4349	21,2691	
0,4349	21,2691	
0,4349	21,2691	
0,4349	21,2691	
0,4349	21,2691	
0,4349	21,2691	
0,4348	21,2685	
0,4348	21,2685	
0,4348	21,2685	
0,4348	21,2685	
0,4348	21,2685	
0,4347	21,2678	
0,4347	21,2678	
0,4347	21,2678	
0,4347	21,2678	
0,4345	21,2668	
0,4345	21,2668	
0,4345	21,2668	
0,4343	21,2655	
0,4343	21,2655	
0,434	21,2639	
0,4415	21,2514	
0,4415	21,2514	
0,4415	21,2514	
0,4415	21,2514	
0,4415	21,2514	
0,4415	21,2514	
0,4414	21,2509	
0,4414	21,2509	
0,4414	21,2509	
0,4414	21,2509	
0,4414	21,2509	
0,4413	21,2502	
0,4413	21,2502	
0,4413	21,2502	
0,4413	21,2502	
0,4411	21,2493	
0,4411	21,2493	
0,4411	21,2493	
0,4409	21,2481	
0,4409	21,2481	
0,4406	21,2465	
0,4487	21,1913	
0,4487	21,1913	
0,4487	21,1913	
0,4487	21,1913	
0,4487	21,1913	
0,4487	21,1913	
0,4486	21,1908	
0,4486	21,1908	
0,4486	21,1908	
0,4486	21,1908	
0,4486	21,1908	
0,4485	21,1901	
0,4485	21,1901	
0,4485	21,1901	
0,4485	21,1901	
0,4483	21,1893	
0,4483	21,1893	
0,4483	21,1893	
0,4481	21,1881	
0,4481	21,1881	
0,4478	21,1865	
0,4573	21,0727	
0,4573	21,0727	
0,4573	21,0727	
0,4573	21,0727	
0,4573	21,0727	
0,4573	21,0727	
0,4572	21,0722	
0,4572	21,0722	
0,4572	21,0722	
0,4572	21,0722	
0,4572	21,0722	
0,4571	21,0717	
0,4571	21,0717	
0,4571	21,0717	
0,4571	21,0717	
0,4569	21,0708	
0,4569	21,0708	
0,4569	21,0708	
0,4567	21,0697	
0,4567	21,0697	
0,4564	21,0682	
0,3799	20,8495	
0,3933	20,9875	
0,3933	20,9875	
0,393	20,9853	
0,4047	21,0954	
0,4047	21,0954	
0,4047	21,0954	
0,4044	21,0937	
0,4044	21,0937	
0,4041	21,0916	
0,4144	21,1761	
0,4144	21,1761	
0,4144	21,1761	
0,4144	21,1761	
0,4142	21,1749	
0,4142	21,1749	
0,4142	21,1749	
0,414	21,1733	
0,414	21,1733	
0,4136	21,1713	
0,4229	21,231	
0,4229	21,231	
0,4229	21,231	
0,4229	21,231	
0,4229	21,231	
0,4227	21,2301	
0,4227	21,2301	
0,4227	21,2301	
0,4227	21,2301	
0,4225	21,229	
0,4225	21,229	
0,4225	21,229	
0,4223	21,2275	
0,4223	21,2275	
0,4219	21,2255	
0,4306	21,2591	
0,4306	21,2591	
0,4306	21,2591	
0,4306	21,2591	
0,4306	21,2591	
0,4306	21,2591	
0,4305	21,2585	
0,4305	21,2585	
0,4305	21,2585	
0,4305	21,2585	
0,4305	21,2585	
0,4303	21,2577	
0,4303	21,2577	
0,4303	21,2577	
0,4303	21,2577	
0,4301	21,2566	
0,4301	21,2566	
0,4301	21,2566	
0,4299	21,2551	
0,4299	21,2551	
0,4295	21,2533	
0,438	21,2563	
0,438	21,2563	
0,438	21,2563	
0,438	21,2563	
0,438	21,2563	
0,438	21,2563	
0,4379	21,2557	
0,4379	21,2557	
0,4379	21,2557	
0,4379	21,2557	
0,4379	21,2557	
0,4377	21,2549	
0,4377	21,2549	
0,4377	21,2549	
0,4377	21,2549	
0,4375	21,2539	
0,4375	21,2539	
0,4375	21,2539	
0,4372	21,2525	
0,4372	21,2525	
0,4369	21,2507	
0,4458	21,2151	
0,4458	21,2151	
0,4458	21,2151	
0,4458	21,2151	
0,4458	21,2151	
0,4458	21,2151	
0,4457	21,2146	
0,4457	21,2146	
0,4457	21,2146	
0,4457	21,2146	
0,4457	21,2146	
0,4456	21,2139	
0,4456	21,2139	
0,4456	21,2139	
0,4456	21,2139	
0,4454	21,2129	
0,4454	21,2129	
0,4454	21,2129	
0,4451	21,2116	
0,4451	21,2116	
0,4447	21,2098	
0,3673	20,766	
0,3827	20,92	
0,3827	20,92	
0,3823	20,9175	
0,3958	21,0419	
0,3958	21,0419	
0,3958	21,0419	
0,3955	21,04	
0,3955	21,04	
0,3951	21,0377	
0,407	21,1352	
0,407	21,1352	
0,407	21,1352	
0,407	21,1352	
0,4068	21,1338	
0,4068	21,1338	
0,4068	21,1338	
0,4065	21,1321	
0,4065	21,1321	
0,4061	21,1298	
0,4167	21,2019	
0,4167	21,2019	
0,4167	21,2019	
0,4167	21,2019	
0,4167	21,2019	
0,4165	21,2009	
0,4165	21,2009	
0,4165	21,2009	
0,4165	21,2009	
0,4163	21,1997	
0,4163	21,1997	
0,4163	21,1997	
0,416	21,198	
0,416	21,198	
0,4156	21,1958	
0,4254	21,2422	
0,4254	21,2422	
0,4254	21,2422	
0,4254	21,2422	
0,4254	21,2422	
0,4254	21,2422	
0,4252	21,2415	
0,4252	21,2415	
0,4252	21,2415	
0,4252	21,2415	
0,4252	21,2415	
0,4251	21,2406	
0,4251	21,2406	
0,4251	21,2406	
0,4251	21,2406	
0,4248	21,2393	
0,4248	21,2393	
0,4248	21,2393	
0,4245	21,2377	
0,4245	21,2377	
0,4241	21,2357	
0,4335	21,2529	
0,4335	21,2529	
0,4335	21,2529	
0,4335	21,2529	
0,4335	21,2529	
0,4335	21,2529	
0,4334	21,2522	
0,4334	21,2522	
0,4334	21,2522	
0,4334	21,2522	
0,4334	21,2522	
0,4332	21,2514	
0,4332	21,2514	
0,4332	21,2514	
0,4332	21,2514	
0,433	21,2502	
0,433	21,2502	
0,433	21,2502	
0,4327	21,2487	
0,4327	21,2487	
0,4323	21,2467	
0,3528	20,6705	
0,3703	20,8422	
0,3703	20,8422	
0,3699	20,8394	
0,3854	20,9793	
0,3854	20,9793	
0,3854	20,9793	
0,385	20,9773	
0,385	20,9773	
0,3846	20,9747	
0,3982	21,0862	
0,3982	21,0862	
0,3982	21,0862	
0,3982	21,0862	
0,398	21,0846	
0,398	21,0846	
0,398	21,0846	
0,3976	21,0827	
0,3976	21,0827	
0,3972	21,0802	
0,4093	21,1654	
0,4093	21,1654	
0,4093	21,1654	
0,4093	21,1654	
0,4093	21,1654	
0,4091	21,1642	
0,4091	21,1642	
0,4091	21,1642	
0,4091	21,1642	
0,4088	21,1628	
0,4088	21,1628	
0,4088	21,1628	
0,4085	21,161	
0,4085	21,161	
0,408	21,1585	
0,4191	21,2178	
0,4191	21,2178	
0,4191	21,2178	
0,4191	21,2178	
0,4191	21,2178	
0,4191	21,2178	
0,4189	21,217	
0,4189	21,217	
0,4189	21,217	
0,4189	21,217	
0,4189	21,217	
0,4187	21,216	
0,4187	21,216	
0,4187	21,216	
0,4187	21,216	
0,4185	21,2146	
0,4185	21,2146	
0,4185	21,2146	
0,4181	21,2128	
0,4181	21,2128	
0,4176	21,2105	
0,3351	20,5557	
0,3552	20,7477	
0,3552	20,7477	
0,3547	20,7446	
0,3725	20,9026	
0,3725	20,9026	
0,3725	20,9026	
0,3721	20,9003	
0,3721	20,9003	
0,3716	20,8974	
0,3873	21,025	
0,3873	21,025	
0,3873	21,025	
0,3873	21,025	
0,387	21,0232	
0,387	21,0232	
0,387	21,0232	
0,3866	21,0211	
0,3866	21,0211	
0,3861	21,0183	
0,40	21,1181	
0,40	21,1181	
0,40	21,1181	
0,40	21,1181	
0,40	21,1181	
0,3998	21,1168	
0,3998	21,1168	
0,3998	21,1168	
0,3998	21,1168	
0,3995	21,1153	
0,3995	21,1153	
0,3995	21,1153	
0,3991	21,1132	
0,3991	21,1132	
0,3985	21,1104	
