1,129	21,1981	
1,2567	21,837	
1,0902	22,0928	
1,0902	22,0928	
1,0926	22,0885	
1,1114	21,9213	
1,3868	22,4167	
1,1968	22,7114	
1,1968	22,7114	
1,1996	22,7065	
1,0136	22,9566	
1,0136	22,9566	
1,0136	22,9566	
1,0162	22,9524	
1,0162	22,9524	
1,0187	22,9478	
1,2195	22,5158	
1,063	22,7926	
1,063	22,7926	
1,0651	22,7881	
1,0497	22,6052	
1,5162	22,9351	
1,3027	23,2698	
1,3027	23,2698	
1,3058	23,2641	
1,0934	23,5506	
1,0934	23,5506	
1,0934	23,5506	
1,0964	23,5458	
1,0964	23,5458	
1,0993	23,5405	
0,8788	23,7809	
0,8788	23,7809	
0,8788	23,7809	
0,8788	23,7809	
0,8817	23,7767	
0,8817	23,7767	
0,8817	23,7767	
0,8844	23,7722	
0,8844	23,7722	
0,8874	23,767	
1,3265	23,0497	
1,1502	23,365	
1,1502	23,365	
1,1526	23,3598	
0,9779	23,6279	
0,9779	23,6279	
0,9779	23,6279	
0,9803	23,6234	
0,9803	23,6234	
0,9826	23,6185	
1,1357	23,1527	
0,9961	23,4497	
0,9961	23,4497	
0,998	23,4448	
0,9359	23,2475	
1,6414	23,3918	
1,4052	23,7662	
1,4052	23,7662	
1,4085	23,7599	
1,1698	24,0833	
1,1698	24,0833	
1,1698	24,0833	
1,1731	24,0778	
1,1731	24,0778	
1,1764	24,0718	
0,9251	24,3453	
0,9251	24,3453	
0,9251	24,3453	
0,9251	24,3453	
0,9283	24,3405	
0,9283	24,3405	
0,9283	24,3405	
0,9314	24,3353	
0,9314	24,3353	
0,9348	24,3294	
0,6609	24,5481	
0,6609	24,5481	
0,6609	24,5481	
0,6609	24,5481	
0,6609	24,5481	
0,6638	24,544	
0,6638	24,544	
0,6638	24,544	
0,6638	24,544	
0,6668	24,5396	
0,6668	24,5396	
0,6668	24,5396	
0,6699	24,5346	
0,6699	24,5346	
0,6731	24,5289	
1,4295	23,5218	
1,2339	23,8757	
1,2339	23,8757	
1,2366	23,8698	
1,0396	24,1734	
1,0396	24,1734	
1,0396	24,1734	
1,0423	24,1683	
1,0423	24,1683	
1,045	24,1627	
0,8425	24,4133	
0,8425	24,4133	
0,8425	24,4133	
0,8425	24,4133	
0,8452	24,4089	
0,8452	24,4089	
0,8452	24,4089	
0,8477	24,4042	
0,8477	24,4042	
0,8503	24,3987	
1,2178	23,6386	
1,0621	23,9731	
1,0621	23,9731	
1,0642	23,9676	
0,911	24,2492	
0,911	24,2492	
0,911	24,2492	
0,9131	24,2445	
0,9131	24,2445	
0,9151	24,2393	
0,9955	23,7472	
0,8849	24,0586	
0,8849	24,0586	
0,8863	24,0534	
0,7816	23,8351	
1,759	23,788	
1,5014	24,2008	
1,5014	24,2008	
1,5051	24,1938	
1,2405	24,5534	
1,2405	24,5534	
1,2405	24,5534	
1,2442	24,5472	
1,2442	24,5472	
1,2478	24,5406	
0,9657	24,8471	
0,9657	24,8471	
0,9657	24,8471	
0,9657	24,8471	
0,9693	24,8417	
0,9693	24,8417	
0,9693	24,8417	
0,9729	24,8359	
0,9729	24,8359	
0,9767	24,8292	
0,6688	25,0737	
0,6688	25,0737	
0,6688	25,0737	
0,6688	25,0737	
0,6688	25,0737	
0,6721	25,0691	
0,6721	25,0691	
0,6721	25,0691	
0,6721	25,0691	
0,6755	25,0641	
0,6755	25,0641	
0,6755	25,0641	
0,679	25,0585	
0,679	25,0585	
0,6826	25,052	
0,3183	25,2393	
0,3183	25,2393	
0,3183	25,2393	
0,3183	25,2393	
0,3183	25,2393	
0,3183	25,2393	
0,3214	25,2353	
0,3214	25,2353	
0,3214	25,2353	
0,3214	25,2353	
0,3214	25,2353	
0,3245	25,2311	
0,3245	25,2311	
0,3245	25,2311	
0,3245	25,2311	
0,3277	25,2264	
0,3277	25,2264	
0,3277	25,2264	
0,3311	25,2209	
0,3311	25,2209	
0,3346	25,2149	
1,5255	23,9328	
1,3117	24,3244	
1,3117	24,3244	
1,3147	24,3178	
1,0959	24,6564	
1,0959	24,6564	
1,0959	24,6564	
1,099	24,6507	
1,099	24,6507	
1,1019	24,6444	
0,8764	24,9238	
0,8764	24,9238	
0,8764	24,9238	
0,8764	24,9238	
0,8793	24,9189	
0,8793	24,9189	
0,8793	24,9189	
0,8822	24,9136	
0,8822	24,9136	
0,8851	24,9074	
0,6342	25,1316	
0,6342	25,1316	
0,6342	25,1316	
0,6342	25,1316	
0,6342	25,1316	
0,6371	25,1273	
0,6371	25,1273	
0,6371	25,1273	
0,6371	25,1273	
0,6399	25,1228	
0,6399	25,1228	
0,6399	25,1228	
0,6428	25,1175	
0,6428	25,1175	
0,6457	25,1115	
1,2935	24,0629	
1,1226	24,4343	
1,1226	24,4343	
1,1249	24,4281	
0,956	24,7413	
0,956	24,7413	
0,956	24,7413	
0,9584	24,736	
0,9584	24,736	
0,9606	24,7302	
0,7833	24,9893	
0,7833	24,9893	
0,7833	24,9893	
0,7833	24,9893	
0,7857	24,9847	
0,7857	24,9847	
0,7857	24,9847	
0,788	24,9798	
0,788	24,9798	
0,7902	24,974	
1,0499	24,1846	
0,9289	24,5301	
0,9289	24,5301	
0,9305	24,5243	
0,807	24,8173	
0,807	24,8173	
0,807	24,8173	
0,8088	24,8123	
0,8088	24,8123	
0,8103	24,8069	
0,8126	24,2848	
0,734	24,6121	
0,734	24,6121	
0,7349	24,6067	
0,5821	24,3675	
1,8655	24,1258	
1,5884	24,5746	
1,5884	24,5746	
1,5924	24,567	
1,3035	24,9611	
1,3035	24,9611	
1,3035	24,9611	
1,3075	24,9543	
1,3075	24,9543	
1,3115	24,947	
1,0017	25,2834	
1,0017	25,2834	
1,0017	25,2834	
1,0017	25,2834	
1,0056	25,2775	
1,0056	25,2775	
1,0056	25,2775	
1,0094	25,2712	
1,0094	25,2712	
1,0134	25,2638	
0,6711	25,5348	
0,6711	25,5348	
0,6711	25,5348	
0,6711	25,5348	
0,6711	25,5348	
0,6748	25,5296	
0,6748	25,5296	
0,6748	25,5296	
0,6748	25,5296	
0,6785	25,5241	
0,6785	25,5241	
0,6785	25,5241	
0,6825	25,5178	
0,6825	25,5178	
0,6865	25,5106	
0,2814	25,7181	
0,2814	25,7181	
0,2814	25,7181	
0,2814	25,7181	
0,2814	25,7181	
0,2814	25,7181	
0,2849	25,7137	
0,2849	25,7137	
0,2849	25,7137	
0,2849	25,7137	
0,2849	25,7137	
0,2883	25,709	
0,2883	25,709	
0,2883	25,709	
0,2883	25,709	
0,292	25,7037	
0,292	25,7037	
0,292	25,7037	
0,2958	25,6976	
0,2958	25,6976	
0,2997	25,691	
0,1654	25,4649	
0,1654	25,4649	
0,1654	25,4649	
0,1654	25,4649	
0,1654	25,4649	
0,1654	25,4649	
0,1652	25,4643	
0,1652	25,4643	
0,1652	25,4643	
0,1652	25,4643	
0,1652	25,4643	
0,165	25,4634	
0,165	25,4634	
0,165	25,4634	
0,165	25,4634	
0,1648	25,4621	
0,1648	25,4621	
0,1648	25,4621	
0,1645	25,4605	
0,1645	25,4605	
0,1642	25,4582	
1,6117	24,2845	
1,3812	24,7115	
1,3812	24,7115	
1,3844	24,7043	
1,1458	25,0757	
1,1458	25,0757	
1,1458	25,0757	
1,149	25,0695	
1,149	25,0695	
1,1522	25,0627	
0,9041	25,3701	
0,9041	25,3701	
0,9041	25,3701	
0,9041	25,3701	
0,9074	25,3646	
0,9074	25,3646	
0,9074	25,3646	
0,9105	25,3587	
0,9105	25,3587	
0,9138	25,3519	
0,6337	25,6015	
0,6337	25,6015	
0,6337	25,6015	
0,6337	25,6015	
0,6337	25,6015	
0,6369	25,5967	
0,6369	25,5967	
0,6369	25,5967	
0,6369	25,5967	
0,64	25,5916	
0,64	25,5916	
0,64	25,5916	
0,6433	25,5858	
0,6433	25,5858	
0,6465	25,579	
0,3234	25,757	
0,3234	25,757	
0,3234	25,757	
0,3234	25,757	
0,3234	25,757	
0,3234	25,757	
0,3262	25,753	
0,3262	25,753	
0,3262	25,753	
0,3262	25,753	
0,3262	25,753	
0,3291	25,7488	
0,3291	25,7488	
0,3291	25,7488	
0,3291	25,7488	
0,332	25,744	
0,332	25,744	
0,332	25,744	
0,3351	25,7384	
0,3351	25,7384	
0,3382	25,7323	
1,3607	24,4271	
1,1763	24,8327	
1,1763	24,8327	
1,1788	24,8259	
0,9947	25,1696	
0,9947	25,1696	
0,9947	25,1696	
0,9973	25,1637	
0,9973	25,1637	
0,9997	25,1573	
0,8026	25,4448	
0,8026	25,4448	
0,8026	25,4448	
0,8026	25,4448	
0,8053	25,4397	
0,8053	25,4397	
0,8053	25,4397	
0,8079	25,4342	
0,8079	25,4342	
0,8104	25,4278	
0,5931	25,6527	
0,5931	25,6527	
0,5931	25,6527	
0,5931	25,6527	
0,5931	25,6527	
0,5957	25,6483	
0,5957	25,6483	
0,5957	25,6483	
0,5957	25,6483	
0,5982	25,6436	
0,5982	25,6436	
0,5982	25,6436	
0,6008	25,6382	
0,6008	25,6382	
0,6032	25,6319	
1,0983	24,5598	
0,9666	24,9387	
0,9666	24,9387	
0,9683	24,9324	
0,8319	25,2561	
0,8319	25,2561	
0,8319	25,2561	
0,8339	25,2506	
0,8339	25,2506	
0,8356	25,2446	
0,6935	25,5083	
0,6935	25,5083	
0,6935	25,5083	
0,6935	25,5083	
0,6956	25,5036	
0,6956	25,5036	
0,6956	25,5036	
0,6975	25,4985	
0,6975	25,4985	
0,6992	25,4925	
0,8378	24,6728	
0,7526	25,0316	
0,7526	25,0316	
0,7536	25,0256	
0,6675	25,3267	
0,6675	25,3267	
0,6675	25,3267	
0,6689	25,3215	
0,6689	25,3215	
0,6699	25,3158	
0,5847	24,766	
0,5476	25,1027	
0,5476	25,1027	
0,548	25,0968	
0,3388	24,8233	
1,9573	24,4081	
1,6629	24,8895	
1,6629	24,8895	
1,6671	24,8813	
1,356	25,3072	
1,356	25,3072	
1,356	25,3072	
1,3603	25,2998	
1,3603	25,2998	
1,3646	25,2919	
1,0301	25,6549	
1,0301	25,6549	
1,0301	25,6549	
1,0301	25,6549	
1,0343	25,6485	
1,0343	25,6485	
1,0343	25,6485	
1,0385	25,6416	
1,0385	25,6416	
1,0429	25,6336	
0,6675	25,93	
0,6675	25,93	
0,6675	25,93	
0,6675	25,93	
0,6675	25,93	
0,6717	25,9243	
0,6717	25,9243	
0,6717	25,9243	
0,6717	25,9243	
0,6757	25,9183	
0,6757	25,9183	
0,6757	25,9183	
0,68	25,9113	
0,68	25,9113	
0,6845	25,9034	
0,2415	26,1297	
0,2415	26,1297	
0,2415	26,1297	
0,2415	26,1297	
0,2415	26,1297	
0,2415	26,1297	
0,2453	26,1248	
0,2453	26,1248	
0,2453	26,1248	
0,2453	26,1248	
0,2453	26,1248	
0,2491	26,1197	
0,2491	26,1197	
0,2491	26,1197	
0,2491	26,1197	
0,2532	26,1138	
0,2532	26,1138	
0,2532	26,1138	
0,2575	26,1072	
0,2575	26,1072	
0,2617	26,0999	
0,1732	25,796	
0,1732	25,796	
0,1732	25,796	
0,1732	25,796	
0,1732	25,796	
0,1732	25,796	
0,1731	25,7952	
0,1731	25,7952	
0,1731	25,7952	
0,1731	25,7952	
0,1731	25,7952	
0,173	25,7941	
0,173	25,7941	
0,173	25,7941	
0,173	25,7941	
0,1729	25,7926	
0,1729	25,7926	
0,1729	25,7926	
0,1728	25,7907	
0,1728	25,7907	
0,1726	25,7881	
0,2028	25,1528	
0,2028	25,1528	
0,2028	25,1528	
0,2028	25,1528	
0,2028	25,1528	
0,2028	25,1528	
0,2028	25,1521	
0,2028	25,1521	
0,2028	25,1521	
0,2028	25,1521	
0,2028	25,1521	
0,2027	25,1512	
0,2027	25,1512	
0,2027	25,1512	
0,2027	25,1512	
0,2026	25,1499	
0,2026	25,1499	
0,2026	25,1499	
0,2025	25,1483	
0,2025	25,1483	
0,2023	25,146	
1,6851	24,5793	
1,4396	25,0386	
1,4396	25,0386	
1,443	25,0309	
1,1882	25,4305	
1,1882	25,4305	
1,1882	25,4305	
1,1917	25,4237	
1,1917	25,4237	
1,1951	25,4163	
0,9245	25,7514	
0,9245	25,7514	
0,9245	25,7514	
0,9245	25,7514	
0,9281	25,7454	
0,9281	25,7454	
0,9281	25,7454	
0,9316	25,739	
0,9316	25,739	
0,9351	25,7314	
0,6286	26,0039	
0,6286	26,0039	
0,6286	26,0039	
0,6286	26,0039	
0,6286	26,0039	
0,6321	25,9987	
0,6321	25,9987	
0,6321	25,9987	
0,6321	25,9987	
0,6354	25,9932	
0,6354	25,9932	
0,6354	25,9932	
0,6389	25,9868	
0,6389	25,9868	
0,6425	25,9794	
0,2905	26,1717	
0,2905	26,1717	
0,2905	26,1717	
0,2905	26,1717	
0,2905	26,1717	
0,2905	26,1717	
0,2937	26,1673	
0,2937	26,1673	
0,2937	26,1673	
0,2937	26,1673	
0,2937	26,1673	
0,2968	26,1627	
0,2968	26,1627	
0,2968	26,1627	
0,2968	26,1627	
0,3001	26,1574	
0,3001	26,1574	
0,3001	26,1574	
0,3036	26,1512	
0,3036	26,1512	
0,3069	26,1445	
0,1896	25,9405	
0,1896	25,9405	
0,1896	25,9405	
0,1896	25,9405	
0,1896	25,9405	
0,1896	25,9405	
0,1893	25,9397	
0,1893	25,9397	
0,1893	25,9397	
0,1893	25,9397	
0,1893	25,9397	
0,189	25,9387	
0,189	25,9387	
0,189	25,9387	
0,189	25,9387	
0,1887	25,9371	
0,1887	25,9371	
0,1887	25,9371	
0,1883	25,9351	
0,1883	25,9351	
0,1879	25,9324	
1,4168	24,7332	
1,2221	25,1682	
1,2221	25,1682	
1,2247	25,1609	
1,0255	25,534	
1,0255	25,534	
1,0255	25,534	
1,0283	25,5276	
1,0283	25,5276	
1,031	25,5206	
0,8152	25,8348	
0,8152	25,8348	
0,8152	25,8348	
0,8152	25,8348	
0,8182	25,8292	
0,8182	25,8292	
0,8182	25,8292	
0,821	25,8231	
0,821	25,8231	
0,8237	25,8161	
0,5871	26,0603	
0,5871	26,0603	
0,5871	26,0603	
0,5871	26,0603	
0,5871	26,0603	
0,5899	26,0555	
0,5899	26,0555	
0,5899	26,0555	
0,5899	26,0555	
0,5926	26,0504	
0,5926	26,0504	
0,5926	26,0504	
0,5954	26,0444	
0,5954	26,0444	
0,5981	26,0376	
0,338	26,1906	
0,338	26,1906	
0,338	26,1906	
0,338	26,1906	
0,338	26,1906	
0,338	26,1906	
0,3404	26,1869	
0,3404	26,1869	
0,3404	26,1869	
0,3404	26,1869	
0,3404	26,1869	
0,3428	26,1829	
0,3428	26,1829	
0,3428	26,1829	
0,3428	26,1829	
0,3454	26,178	
0,3454	26,178	
0,3454	26,178	
0,3481	26,1722	
0,3481	26,1722	
0,3508	26,1657	
1,138	24,8752	
0,9965	25,2848	
0,9965	25,2848	
0,9983	25,2779	
0,8503	25,6299	
0,8503	25,6299	
0,8503	25,6299	
0,8525	25,6239	
0,8525	25,6239	
0,8543	25,6173	
0,6996	25,9045	
0,6996	25,9045	
0,6996	25,9045	
0,6996	25,9045	
0,7019	25,8994	
0,7019	25,8994	
0,7019	25,8994	
0,704	25,8937	
0,704	25,8937	
0,7059	25,8871	
0,5396	26,1021	
0,5396	26,1021	
0,5396	26,1021	
0,5396	26,1021	
0,5396	26,1021	
0,5419	26,0977	
0,5419	26,0977	
0,5419	26,0977	
0,5419	26,0977	
0,544	26,0929	
0,544	26,0929	
0,544	26,0929	
0,5461	26,0873	
0,5461	26,0873	
0,548	26,0808	
0,8564	25,0001	
0,7656	25,3874	
0,7656	25,3874	
0,7667	25,3809	
0,6737	25,7078	
0,6737	25,7078	
0,6737	25,7078	
0,6752	25,7021	
0,6752	25,7021	
0,6763	25,6958	
0,5815	25,9566	
0,5815	25,9566	
0,5815	25,9566	
0,5815	25,9566	
0,5832	25,9517	
0,5832	25,9517	
0,5832	25,9517	
0,5846	25,9464	
0,5846	25,9464	
0,5858	25,9401	
0,5842	25,1016	
0,5445	25,4657	
0,5445	25,4657	
0,545	25,4593	
0,504	25,7633	
0,504	25,7633	
0,504	25,7633	
0,505	25,7577	
0,505	25,7577	
0,506	25,7512	
0,3238	25,1622	
0,3336	25,5062	
0,3336	25,5062	
0,334	25,4995	
0,1126	25,1488	
2,0303	24,6375	
1,7209	25,1473	
1,7209	25,1473	
1,7254	25,1386	
1,3946	25,5924	
1,3946	25,5924	
1,3946	25,5924	
1,3992	25,5845	
1,3992	25,5845	
1,4037	25,576	
1,0486	25,9614	
1,0486	25,9614	
1,0486	25,9614	
1,0486	25,9614	
1,0532	25,9545	
1,0532	25,9545	
1,0532	25,9545	
1,0576	25,9471	
1,0576	25,9471	
1,0623	25,9385	
0,6575	26,2577	
0,6575	26,2577	
0,6575	26,2577	
0,6575	26,2577	
0,6575	26,2577	
0,6619	26,2516	
0,6619	26,2516	
0,6619	26,2516	
0,6619	26,2516	
0,6663	26,2451	
0,6663	26,2451	
0,6663	26,2451	
0,671	26,2376	
0,671	26,2376	
0,6759	26,229	
0,2009	26,4704	
0,2009	26,4704	
0,2009	26,4704	
0,2009	26,4704	
0,2009	26,4704	
0,2009	26,4704	
0,205	26,4652	
0,205	26,4652	
0,205	26,4652	
0,205	26,4652	
0,205	26,4652	
0,209	26,4597	
0,209	26,4597	
0,209	26,4597	
0,209	26,4597	
0,2133	26,4535	
0,2133	26,4535	
0,2133	26,4535	
0,2179	26,4463	
0,2179	26,4463	
0,2225	26,4385	
0,185	26,0558	
0,185	26,0558	
0,185	26,0558	
0,185	26,0558	
0,185	26,0558	
0,185	26,0558	
0,1849	26,0549	
0,1849	26,0549	
0,1849	26,0549	
0,1849	26,0549	
0,1849	26,0549	
0,1848	26,0537	
0,1848	26,0537	
0,1848	26,0537	
0,1848	26,0537	
0,1847	26,0521	
0,1847	26,0521	
0,1847	26,0521	
0,1846	26,0501	
0,1846	26,0501	
0,1843	26,0473	
0,2145	25,3744	
0,2145	25,3744	
0,2145	25,3744	
0,2145	25,3744	
0,2145	25,3744	
0,2145	25,3744	
0,2145	25,3737	
0,2145	25,3737	
0,2145	25,3737	
0,2145	25,3737	
0,2145	25,3737	
0,2144	25,3727	
0,2144	25,3727	
0,2144	25,3727	
0,2144	25,3727	
0,2143	25,3714	
0,2143	25,3714	
0,2143	25,3714	
0,2141	25,3696	
0,2141	25,3696	
0,2139	25,3673	
0,247	24,4453	
0,247	24,4453	
0,247	24,4453	
0,247	24,4453	
0,247	24,4453	
0,247	24,4453	
0,2469	24,4448	
0,2469	24,4448	
0,2469	24,4448	
0,2469	24,4448	
0,2469	24,4448	
0,2468	24,444	
0,2468	24,444	
0,2468	24,444	
0,2468	24,444	
0,2467	24,443	
0,2467	24,443	
0,2467	24,443	
0,2466	24,4416	
0,2466	24,4416	
0,2464	24,4398	
1,742	24,8196	
1,4835	25,3071	
1,4835	25,3071	
1,4871	25,2989	
1,2192	25,7221	
1,2192	25,7221	
1,2192	25,7221	
1,223	25,7148	
1,223	25,7148	
1,2266	25,7069	
0,9359	26,0666	
0,9359	26,0666	
0,9359	26,0666	
0,9359	26,0666	
0,9398	26,0602	
0,9398	26,0602	
0,9398	26,0602	
0,9435	26,0532	
0,9435	26,0532	
0,9473	26,0451	
0,6183	26,3368	
0,6183	26,3368	
0,6183	26,3368	
0,6183	26,3368	
0,6183	26,3368	
0,622	26,3312	
0,622	26,3312	
0,622	26,3312	
0,622	26,3312	
0,6256	26,3253	
0,6256	26,3253	
0,6256	26,3253	
0,6295	26,3184	
0,6295	26,3184	
0,6333	26,3105	
0,2566	26,5146	
0,2566	26,5146	
0,2566	26,5146	
0,2566	26,5146	
0,2566	26,5146	
0,2566	26,5146	
0,26	26,51	
0,26	26,51	
0,26	26,51	
0,26	26,51	
0,26	26,51	
0,2633	26,505	
0,2633	26,505	
0,2633	26,505	
0,2633	26,505	
0,2669	26,4993	
0,2669	26,4993	
0,2669	26,4993	
0,2706	26,4926	
0,2706	26,4926	
0,2743	26,4853	
0,1979	26,2166	
0,1979	26,2166	
0,1979	26,2166	
0,1979	26,2166	
0,1979	26,2166	
0,1979	26,2166	
0,1976	26,2159	
0,1976	26,2159	
0,1976	26,2159	
0,1976	26,2159	
0,1976	26,2159	
0,1973	26,2147	
0,1973	26,2147	
0,1973	26,2147	
0,1973	26,2147	
0,1969	26,2131	
0,1969	26,2131	
0,1969	26,2131	
0,1965	26,211	
0,1965	26,211	
0,1961	26,2081	
0,2186	25,6303	
0,2186	25,6303	
0,2186	25,6303	
0,2186	25,6303	
0,2186	25,6303	
0,2186	25,6303	
0,2185	25,6295	
0,2185	25,6295	
0,2185	25,6295	
0,2185	25,6295	
0,2185	25,6295	
0,2184	25,6283	
0,2184	25,6283	
0,2184	25,6283	
0,2184	25,6283	
0,2183	25,6269	
0,2183	25,6269	
0,2183	25,6269	
0,2181	25,6248	
0,2181	25,6248	
0,2178	25,6222	
1,4588	24,9833	
1,2562	25,4428	
1,2562	25,4428	
1,259	25,435	
1,0462	25,8342	
1,0462	25,8342	
1,0462	25,8342	
1,0493	25,8273	
1,0493	25,8273	
1,0521	25,8198	
0,8216	26,1558	
0,8216	26,1558	
0,8216	26,1558	
0,8216	26,1558	
0,8247	26,1498	
0,8247	26,1498	
0,8247	26,1498	
0,8277	26,1433	
0,8277	26,1433	
0,8306	26,1357	
0,577	26,3968	
0,577	26,3968	
0,577	26,3968	
0,577	26,3968	
0,577	26,3968	
0,58	26,3917	
0,58	26,3917	
0,58	26,3917	
0,58	26,3917	
0,583	26,3862	
0,583	26,3862	
0,583	26,3862	
0,586	26,3798	
0,586	26,3798	
0,589	26,3723	
0,3161	26,5289	
0,3161	26,5289	
0,3161	26,5289	
0,3161	26,5289	
0,3161	26,5289	
0,3161	26,5289	
0,3187	26,5249	
0,3187	26,5249	
0,3187	26,5249	
0,3187	26,5249	
0,3187	26,5249	
0,3213	26,5205	
0,3213	26,5205	
0,3213	26,5205	
0,3213	26,5205	
0,3241	26,5153	
0,3241	26,5153	
0,3241	26,5153	
0,3271	26,509	
0,3271	26,509	
0,3301	26,502	
0,2117	26,3454	
0,2117	26,3454	
0,2117	26,3454	
0,2117	26,3454	
0,2117	26,3454	
0,2117	26,3454	
0,2114	26,3445	
0,2114	26,3445	
0,2114	26,3445	
0,2114	26,3445	
0,2114	26,3445	
0,211	26,3433	
0,211	26,3433	
0,211	26,3433	
0,211	26,3433	
0,2106	26,3415	
0,2106	26,3415	
0,2106	26,3415	
0,2101	26,3391	
0,2101	26,3391	
0,2096	26,3359	
1,1671	25,1322	
1,0168	25,5688	
1,0168	25,5688	
1,0188	25,5614	
0,8618	25,9368	
0,8618	25,9368	
0,8618	25,9368	
0,8641	25,9304	
0,8641	25,9304	
0,8661	25,9233	
0,7005	26,2309	
0,7005	26,2309	
0,7005	26,2309	
0,7005	26,2309	
0,703	26,2254	
0,703	26,2254	
0,703	26,2254	
0,7052	26,2193	
0,7052	26,2193	
0,7073	26,2121	
0,5285	26,4426	
0,5285	26,4426	
0,5285	26,4426	
0,5285	26,4426	
0,5285	26,4426	
0,531	26,4379	
0,531	26,4379	
0,531	26,4379	
0,531	26,4379	
0,5333	26,4327	
0,5333	26,4327	
0,5333	26,4327	
0,5356	26,4267	
0,5356	26,4267	
0,5377	26,4197	
0,3618	26,5346	
0,3618	26,5346	
0,3618	26,5346	
0,3618	26,5346	
0,3618	26,5346	
0,3618	26,5346	
0,364	26,5309	
0,364	26,5309	
0,364	26,5309	
0,364	26,5309	
0,364	26,5309	
0,3662	26,5267	
0,3662	26,5267	
0,3662	26,5267	
0,3662	26,5267	
0,3685	26,5217	
0,3685	26,5217	
0,3685	26,5217	
0,3708	26,5157	
0,3708	26,5157	
0,373	26,509	
0,8674	25,2673	
0,7716	25,6794	
0,7716	25,6794	
0,7728	25,6724	
0,6751	26,0206	
0,6751	26,0206	
0,6751	26,0206	
0,6768	26,0145	
0,6768	26,0145	
0,678	26,0077	
0,5759	26,2879	
0,5759	26,2879	
0,5759	26,2879	
0,5759	26,2879	
0,5777	26,2827	
0,5777	26,2827	
0,5777	26,2827	
0,5793	26,2769	
0,5793	26,2769	
0,5806	26,2701	
0,4853	26,4596	
0,4853	26,4596	
0,4853	26,4596	
0,4853	26,4596	
0,4853	26,4596	
0,4872	26,4552	
0,4872	26,4552	
0,4872	26,4552	
0,4872	26,4552	
0,489	26,4503	
0,489	26,4503	
0,489	26,4503	
0,4907	26,4443	
0,4907	26,4443	
0,4923	26,4373	
0,58	25,3748	
0,5377	25,763	
0,5377	25,763	
0,5383	25,7561	
0,4992	26,0768	
0,4992	26,0768	
0,4992	26,0768	
0,5005	26,0706	
0,5005	26,0706	
0,5015	26,0636	
0,4646	26,3126	
0,4646	26,3126	
0,4646	26,3126	
0,4646	26,3126	
0,466	26,3075	
0,466	26,3075	
0,466	26,3075	
0,4672	26,3017	
0,4672	26,3017	
0,4681	26,2947	
0,3087	25,4368	
0,3181	25,8043	
0,3181	25,8043	
0,3185	25,7971	
0,327	26,1025	
0,327	26,1025	
0,327	26,1025	
0,3277	26,0965	
0,3277	26,0965	
0,328	26,0898	
0,1048	25,4054	
0,1258	25,7928	
0,1258	25,7928	
0,1267	25,7847	
0,0619	25,1827	
2,0792	24,8156	
1,7573	25,3487	
1,7573	25,3487	
1,7619	25,3395	
1,417	25,8141	
1,417	25,8141	
1,417	25,8141	
1,4217	25,8059	
1,4217	25,8059	
1,4263	25,7971	
1,0542	26,2009	
1,0542	26,2009	
1,0542	26,2009	
1,0542	26,2009	
1,0589	26,1935	
1,0589	26,1935	
1,0589	26,1935	
1,0637	26,1857	
1,0637	26,1857	
1,0687	26,1766	
0,6392	26,515	
0,6392	26,515	
0,6392	26,515	
0,6392	26,515	
0,6392	26,515	
0,6439	26,5084	
0,6439	26,5084	
0,6439	26,5084	
0,6439	26,5084	
0,6486	26,5015	
0,6486	26,5015	
0,6486	26,5015	
0,6536	26,4936	
0,6536	26,4936	
0,6588	26,4845	
0,1907	26,7056	
0,1907	26,7056	
0,1907	26,7056	
0,1907	26,7056	
0,1907	26,7056	
0,1907	26,7056	
0,1903	26,7047	
0,1903	26,7047	
0,1903	26,7047	
0,1903	26,7047	
0,1903	26,7047	
0,19	26,7035	
0,19	26,7035	
0,19	26,7035	
0,19	26,7035	
0,1896	26,7019	
0,1896	26,7019	
0,1896	26,7019	
0,1892	26,6996	
0,1892	26,6996	
0,1887	26,6966	
0,1977	26,2452	
0,1977	26,2452	
0,1977	26,2452	
0,1977	26,2452	
0,1977	26,2452	
0,1977	26,2452	
0,1977	26,2443	
0,1977	26,2443	
0,1977	26,2443	
0,1977	26,2443	
0,1977	26,2443	
0,1976	26,2431	
0,1976	26,2431	
0,1976	26,2431	
0,1976	26,2431	
0,1975	26,2414	
0,1975	26,2414	
0,1975	26,2414	
0,1973	26,2393	
0,1973	26,2393	
0,197	26,2364	
0,2265	25,5346	
0,2265	25,5346	
0,2265	25,5346	
0,2265	25,5346	
0,2265	25,5346	
0,2265	25,5346	
0,2265	25,5338	
0,2265	25,5338	
0,2265	25,5338	
0,2265	25,5338	
0,2265	25,5338	
0,2264	25,5328	
0,2264	25,5328	
0,2264	25,5328	
0,2264	25,5328	
0,2263	25,5315	
0,2263	25,5315	
0,2263	25,5315	
0,2261	25,5297	
0,2261	25,5297	
0,2259	25,5272	
0,2576	24,5727	
0,2576	24,5727	
0,2576	24,5727	
0,2576	24,5727	
0,2576	24,5727	
0,2576	24,5727	
0,2575	24,5721	
0,2575	24,5721	
0,2575	24,5721	
0,2575	24,5721	
0,2575	24,5721	
0,2574	24,5713	
0,2574	24,5713	
0,2574	24,5713	
0,2574	24,5713	
0,2573	24,5703	
0,2573	24,5703	
0,2573	24,5703	
0,2572	24,5688	
0,2572	24,5688	
0,257	24,567	
0,2874	23,3657	
0,2874	23,3657	
0,2874	23,3657	
0,2874	23,3657	
0,2874	23,3657	
0,2874	23,3657	
0,2873	23,3653	
0,2873	23,3653	
0,2873	23,3653	
0,2873	23,3653	
0,2873	23,3653	
0,2873	23,3647	
0,2873	23,3647	
0,2873	23,3647	
0,2873	23,3647	
0,2872	23,3639	
0,2872	23,3639	
0,2872	23,3639	
0,287	23,3629	
0,287	23,3629	
0,2869	23,3614	
1,7781	25,0066	
1,5099	25,5158	
1,5099	25,5158	
1,5136	25,5072	
1,2353	25,9493	
1,2353	25,9493	
1,2353	25,9493	
1,2393	25,9416	
1,2393	25,9416	
1,2431	25,9332	
0,9355	26,3134	
0,9355	26,3134	
0,9355	26,3134	
0,9355	26,3134	
0,9396	26,3066	
0,9396	26,3066	
0,9396	26,3066	
0,9435	26,2992	
0,9435	26,2992	
0,9476	26,2907	
0,6014	26,5969	
0,6014	26,5969	
0,6014	26,5969	
0,6014	26,5969	
0,6014	26,5969	
0,6053	26,591	
0,6053	26,591	
0,6053	26,591	
0,6053	26,591	
0,6091	26,5848	
0,6091	26,5848	
0,6091	26,5848	
0,6131	26,5775	
0,6131	26,5775	
0,6172	26,5691	
0,2292	26,7741	
0,2292	26,7741	
0,2292	26,7741	
0,2292	26,7741	
0,2292	26,7741	
0,2292	26,7741	
0,2323	26,7697	
0,2323	26,7697	
0,2323	26,7697	
0,2323	26,7697	
0,2323	26,7697	
0,2355	26,7648	
0,2355	26,7648	
0,2355	26,7648	
0,2355	26,7648	
0,2391	26,7589	
0,2391	26,7589	
0,2391	26,7589	
0,243	26,752	
0,243	26,752	
0,2469	26,7442	
0,2081	26,4189	
0,2081	26,4189	
0,2081	26,4189	
0,2081	26,4189	
0,2081	26,4189	
0,2081	26,4189	
0,2078	26,4181	
0,2078	26,4181	
0,2078	26,4181	
0,2078	26,4181	
0,2078	26,4181	
0,2074	26,4169	
0,2074	26,4169	
0,2074	26,4169	
0,2074	26,4169	
0,2071	26,4152	
0,2071	26,4152	
0,2071	26,4152	
0,2067	26,413	
0,2067	26,413	
0,2062	26,41	
0,2317	25,8021	
0,2317	25,8021	
0,2317	25,8021	
0,2317	25,8021	
0,2317	25,8021	
0,2317	25,8021	
0,2316	25,8012	
0,2316	25,8012	
0,2316	25,8012	
0,2316	25,8012	
0,2316	25,8012	
0,2315	25,80	
0,2315	25,80	
0,2315	25,80	
0,2315	25,80	
0,2313	25,7985	
0,2313	25,7985	
0,2313	25,7985	
0,2311	25,7964	
0,2311	25,7964	
0,2308	25,7936	
0,268	24,9285	
0,268	24,9285	
0,268	24,9285	
0,268	24,9285	
0,268	24,9285	
0,268	24,9285	
0,2679	24,9278	
0,2679	24,9278	
0,2679	24,9278	
0,2679	24,9278	
0,2679	24,9278	
0,2678	24,9269	
0,2678	24,9269	
0,2678	24,9269	
0,2678	24,9269	
0,2677	24,9257	
0,2677	24,9257	
0,2677	24,9257	
0,2675	24,924	
0,2675	24,924	
0,2672	24,9218	
1,4849	25,1764	
1,2754	25,656	
1,2754	25,656	
1,2783	25,6478	
1,054	26,0685	
1,054	26,0685	
1,054	26,0685	
1,0572	26,0612	
1,0572	26,0612	
1,0602	26,0533	
0,8183	26,4062	
0,8183	26,4062	
0,8183	26,4062	
0,8183	26,4062	
0,8217	26,3998	
0,8217	26,3998	
0,8217	26,3998	
0,8248	26,393	
0,8248	26,393	
0,828	26,3849	
0,562	26,6581	
0,562	26,6581	
0,562	26,6581	
0,562	26,6581	
0,562	26,6581	
0,5652	26,6527	
0,5652	26,6527	
0,5652	26,6527	
0,5652	26,6527	
0,5684	26,6468	
0,5684	26,6468	
0,5684	26,6468	
0,5716	26,64	
0,5716	26,64	
0,5748	26,6321	
0,2954	26,7878	
0,2954	26,7878	
0,2954	26,7878	
0,2954	26,7878	
0,2954	26,7878	
0,2954	26,7878	
0,2982	26,7835	
0,2982	26,7835	
0,2982	26,7835	
0,2982	26,7835	
0,2982	26,7835	
0,3009	26,7789	
0,3009	26,7789	
0,3009	26,7789	
0,3009	26,7789	
0,304	26,7733	
0,304	26,7733	
0,304	26,7733	
0,3072	26,7667	
0,3072	26,7667	
0,3104	26,7592	
0,2234	26,5552	
0,2234	26,5552	
0,2234	26,5552	
0,2234	26,5552	
0,2234	26,5552	
0,2234	26,5552	
0,2231	26,5543	
0,2231	26,5543	
0,2231	26,5543	
0,2231	26,5543	
0,2231	26,5543	
0,2227	26,553	
0,2227	26,553	
0,2227	26,553	
0,2227	26,553	
0,2222	26,5511	
0,2222	26,5511	
0,2222	26,5511	
0,2217	26,5486	
0,2217	26,5486	
0,2211	26,5452	
0,24	26,0301	
0,24	26,0301	
0,24	26,0301	
0,24	26,0301	
0,24	26,0301	
0,24	26,0301	
0,2398	26,0293	
0,2398	26,0293	
0,2398	26,0293	
0,2398	26,0293	
0,2398	26,0293	
0,2395	26,0281	
0,2395	26,0281	
0,2395	26,0281	
0,2395	26,0281	
0,2391	26,0265	
0,2391	26,0265	
0,2391	26,0265	
0,2387	26,0242	
0,2387	26,0242	
0,2382	26,0212	
1,1829	25,331	
1,0248	25,7897	
1,0248	25,7897	
1,0269	25,7819	
0,8631	26,1757	
0,8631	26,1757	
0,8631	26,1757	
0,8655	26,1689	
0,8655	26,1689	
0,8677	26,1614	
0,6952	26,4835	
0,6952	26,4835	
0,6952	26,4835	
0,6952	26,4835	
0,6978	26,4776	
0,6978	26,4776	
0,6978	26,4776	
0,7002	26,4712	
0,7002	26,4712	
0,7025	26,4636	
0,5195	26,7006	
0,5195	26,7006	
0,5195	26,7006	
0,5195	26,7006	
0,5195	26,7006	
0,522	26,6957	
0,522	26,6957	
0,522	26,6957	
0,522	26,6957	
0,5244	26,6903	
0,5244	26,6903	
0,5244	26,6903	
0,527	26,6837	
0,527	26,6837	
0,5296	26,676	
0,3442	26,7961	
0,3442	26,7961	
0,3442	26,7961	
0,3442	26,7961	
0,3442	26,7961	
0,3442	26,7961	
0,3465	26,7921	
0,3465	26,7921	
0,3465	26,7921	
0,3465	26,7921	
0,3465	26,7921	
0,3488	26,7876	
0,3488	26,7876	
0,3488	26,7876	
0,3488	26,7876	
0,3513	26,7823	
0,3513	26,7823	
0,3513	26,7823	
0,3538	26,776	
0,3538	26,776	
0,3561	26,7688	
0,2345	26,6722	
0,2345	26,6722	
0,2345	26,6722	
0,2345	26,6722	
0,2345	26,6722	
0,2345	26,6722	
0,2342	26,6711	
0,2342	26,6711	
0,2342	26,6711	
0,2342	26,6711	
0,2342	26,6711	
0,2338	26,6696	
0,2338	26,6696	
0,2338	26,6696	
0,2338	26,6696	
0,2333	26,6674	
0,2333	26,6674	
0,2333	26,6674	
0,2329	26,6644	
0,2329	26,6644	
0,2323	26,6605	
0,8705	25,4726	
0,7705	25,9047	
0,7705	25,9047	
0,7718	25,8973	
0,6701	26,2628	
0,6701	26,2628	
0,6701	26,2628	
0,6718	26,2563	
0,6718	26,2563	
0,6732	26,2491	
0,5689	26,5412	
0,5689	26,5412	
0,5689	26,5412	
0,5689	26,5412	
0,571	26,5355	
0,571	26,5355	
0,571	26,5355	
0,5729	26,5292	
0,5729	26,5292	
0,5747	26,5215	
0,4767	26,7187	
0,4767	26,7187	
0,4767	26,7187	
0,4767	26,7187	
0,4767	26,7187	
0,4788	26,7141	
0,4788	26,7141	
0,4788	26,7141	
0,4788	26,7141	
0,4807	26,7089	
0,4807	26,7089	
0,4807	26,7089	
0,4826	26,7026	
0,4826	26,7026	
0,4843	26,6951	
0,3712	26,7987	
0,3712	26,7987	
0,3712	26,7987	
0,3712	26,7987	
0,3712	26,7987	
0,3712	26,7987	
0,3731	26,7949	
0,3731	26,7949	
0,3731	26,7949	
0,3731	26,7949	
0,3731	26,7949	
0,375	26,7907	
0,375	26,7907	
0,375	26,7907	
0,375	26,7907	
0,3768	26,7856	
0,3768	26,7856	
0,3768	26,7856	
0,3786	26,7796	
0,3786	26,7796	
0,3801	26,7727	
0,572	25,5842	
0,5286	25,9904	
0,5286	25,9904	
0,5298	25,9827	
0,4929	26,316	
0,4929	26,316	
0,4929	26,316	
0,4943	26,3095	
0,4943	26,3095	
0,4954	26,3021	
0,4558	26,5656	
0,4558	26,5656	
0,4558	26,5656	
0,4558	26,5656	
0,4573	26,5602	
0,4573	26,5602	
0,4573	26,5602	
0,4586	26,5541	
0,4586	26,5541	
0,4596	26,5467	
0,4168	26,7305	
0,4168	26,7305	
0,4168	26,7305	
0,4168	26,7305	
0,4168	26,7305	
0,4183	26,726	
0,4183	26,726	
0,4183	26,726	
0,4183	26,726	
0,4197	26,721	
0,4197	26,721	
0,4197	26,721	
0,4209	26,715	
0,4209	26,715	
0,4218	26,7078	
0,2947	25,645	
0,3033	26,0314	
0,3033	26,0314	
0,3037	26,0239	
0,3116	26,3462	
0,3116	26,3462	
0,3116	26,3462	
0,3124	26,3399	
0,3124	26,3399	
0,3127	26,3328	
0,3214	26,5845	
0,3214	26,5845	
0,3214	26,5845	
0,3214	26,5845	
0,3224	26,5792	
0,3224	26,5792	
0,3224	26,5792	
0,323	26,5734	
0,323	26,5734	
0,3232	26,5662	
0,1066	25,5897	
0,1235	26,0005	
0,1235	26,0005	
0,1222	25,9941	
0,1456	26,3351	
0,1456	26,3351	
0,1456	26,3351	
0,1465	26,3281	
0,1465	26,3281	
0,1474	26,3199	
0,0674	25,357	
0,0795	25,8058	
0,0795	25,8058	
0,0772	25,7999	
0,0314	25,067	
2,097	24,9417	
1,7649	25,4919	
1,7649	25,4919	
1,7696	25,4825	
1,4193	25,9668	
1,4193	25,9668	
1,4193	25,9668	
1,4242	25,9583	
1,4242	25,9583	
1,429	25,9491	
1,0422	26,3684	
1,0422	26,3684	
1,0422	26,3684	
1,0422	26,3684	
1,0471	26,3608	
1,0471	26,3608	
1,0471	26,3608	
1,0521	26,3527	
1,0521	26,3527	
1,0573	26,3432	
0,6141	26,6915	
0,6141	26,6915	
0,6141	26,6915	
0,6141	26,6915	
0,6141	26,6915	
0,6189	26,6848	
0,6189	26,6848	
0,6189	26,6848	
0,6189	26,6848	
0,6237	26,6778	
0,6237	26,6778	
0,6237	26,6778	
0,6288	26,6696	
0,6288	26,6696	
0,6342	26,6602	
0,2043	26,8339	
0,2043	26,8339	
0,2043	26,8339	
0,2043	26,8339	
0,2043	26,8339	
0,2043	26,8339	
0,2039	26,8331	
0,2039	26,8331	
0,2039	26,8331	
0,2039	26,8331	
0,2039	26,8331	
0,2035	26,8319	
0,2035	26,8319	
0,2035	26,8319	
0,2035	26,8319	
0,2031	26,8302	
0,2031	26,8302	
0,2031	26,8302	
0,2027	26,8278	
0,2027	26,8278	
0,2022	26,8247	
0,2125	26,3574	
0,2125	26,3574	
0,2125	26,3574	
0,2125	26,3574	
0,2125	26,3574	
0,2125	26,3574	
0,2124	26,3565	
0,2124	26,3565	
0,2124	26,3565	
0,2124	26,3565	
0,2124	26,3565	
0,2123	26,3552	
0,2123	26,3552	
0,2123	26,3552	
0,2123	26,3552	
0,2121	26,3535	
0,2121	26,3535	
0,2121	26,3535	
0,212	26,3513	
0,212	26,3513	
0,2117	26,3483	
0,2397	25,6287	
0,2397	25,6287	
0,2397	25,6287	
0,2397	25,6287	
0,2397	25,6287	
0,2397	25,6287	
0,2396	25,6279	
0,2396	25,6279	
0,2396	25,6279	
0,2396	25,6279	
0,2396	25,6279	
0,2395	25,6268	
0,2395	25,6268	
0,2395	25,6268	
0,2395	25,6268	
0,2394	25,6255	
0,2394	25,6255	
0,2394	25,6255	
0,2392	25,6236	
0,2392	25,6236	
0,2389	25,6211	
0,2686	24,6467	
0,2686	24,6467	
0,2686	24,6467	
0,2686	24,6467	
0,2686	24,6467	
0,2686	24,6467	
0,2685	24,6461	
0,2685	24,6461	
0,2685	24,6461	
0,2685	24,6461	
0,2685	24,6461	
0,2685	24,6453	
0,2685	24,6453	
0,2685	24,6453	
0,2685	24,6453	
0,2683	24,6442	
0,2683	24,6442	
0,2683	24,6442	
0,2682	24,6427	
0,2682	24,6427	
0,268	24,6408	
0,296	23,4201	
0,296	23,4201	
0,296	23,4201	
0,296	23,4201	
0,296	23,4201	
0,296	23,4201	
0,296	23,4197	
0,296	23,4197	
0,296	23,4197	
0,296	23,4197	
0,296	23,4197	
0,2959	23,4191	
0,2959	23,4191	
0,2959	23,4191	
0,2959	23,4191	
0,2958	23,4183	
0,2958	23,4183	
0,2958	23,4183	
0,2957	23,4173	
0,2957	23,4173	
0,2955	23,4158	
0,3195	21,9797	
0,3195	21,9797	
0,3195	21,9797	
0,3195	21,9797	
0,3195	21,9797	
0,3195	21,9797	
0,3194	21,9794	
0,3194	21,9794	
0,3194	21,9794	
0,3194	21,9794	
0,3194	21,9794	
0,3194	21,979	
0,3194	21,979	
0,3194	21,979	
0,3194	21,979	
0,3193	21,9784	
0,3193	21,9784	
0,3193	21,9784	
0,3192	21,9777	
0,3192	21,9777	
0,3191	21,9766	
1,7868	25,1393	
1,5162	25,6588	
1,5162	25,6588	
1,5201	25,6499	
1,2314	26,1079	
1,2314	26,1079	
1,2314	26,1079	
1,2355	26,0999	
1,2355	26,0999	
1,2395	26,0912	
0,9212	26,4844	
0,9212	26,4844	
0,9212	26,4844	
0,9212	26,4844	
0,9254	26,4774	
0,9254	26,4774	
0,9254	26,4774	
0,9295	26,4698	
0,9295	26,4698	
0,9337	26,461	
0,579	26,7737	
0,579	26,7737	
0,579	26,7737	
0,579	26,7737	
0,579	26,7737	
0,583	26,7677	
0,583	26,7677	
0,583	26,7677	
0,583	26,7677	
0,5869	26,7612	
0,5869	26,7612	
0,5869	26,7612	
0,5911	26,7537	
0,5911	26,7537	
0,5954	26,7449	
0,2192	26,9312	
0,2192	26,9312	
0,2192	26,9312	
0,2192	26,9312	
0,2192	26,9312	
0,2192	26,9312	
0,2188	26,9302	
0,2188	26,9302	
0,2188	26,9302	
0,2188	26,9302	
0,2188	26,9302	
0,2184	26,9289	
0,2184	26,9289	
0,2184	26,9289	
0,2184	26,9289	
0,219	26,9258	
0,219	26,9258	
0,219	26,9258	
0,2231	26,9186	
0,2231	26,9186	
0,2273	26,9105	
0,2215	26,5394	
0,2215	26,5394	
0,2215	26,5394	
0,2215	26,5394	
0,2215	26,5394	
0,2215	26,5394	
0,2212	26,5385	
0,2212	26,5385	
0,2212	26,5385	
0,2212	26,5385	
0,2212	26,5385	
0,2209	26,5373	
0,2209	26,5373	
0,2209	26,5373	
0,2209	26,5373	
0,2205	26,5356	
0,2205	26,5356	
0,2205	26,5356	
0,2201	26,5333	
0,2201	26,5333	
0,2196	26,5301	
0,2459	25,9035	
0,2459	25,9035	
0,2459	25,9035	
0,2459	25,9035	
0,2459	25,9035	
0,2459	25,9035	
0,2458	25,9026	
0,2458	25,9026	
0,2458	25,9026	
0,2458	25,9026	
0,2458	25,9026	
0,2457	25,9014	
0,2457	25,9014	
0,2457	25,9014	
0,2457	25,9014	
0,2456	25,8998	
0,2456	25,8998	
0,2456	25,8998	
0,2453	25,8976	
0,2453	25,8976	
0,245	25,8948	
0,2804	25,0101	
0,2804	25,0101	
0,2804	25,0101	
0,2804	25,0101	
0,2804	25,0101	
0,2804	25,0101	
0,2803	25,0094	
0,2803	25,0094	
0,2803	25,0094	
0,2803	25,0094	
0,2803	25,0094	
0,2802	25,0085	
0,2802	25,0085	
0,2802	25,0085	
0,2802	25,0085	
0,28	25,0072	
0,28	25,0072	
0,28	25,0072	
0,2798	25,0055	
0,2798	25,0055	
0,2795	25,0032	
0,3142	23,8662	
0,3142	23,8662	
0,3142	23,8662	
0,3142	23,8662	
0,3142	23,8662	
0,3142	23,8662	
0,3141	23,8657	
0,3141	23,8657	
0,3141	23,8657	
0,3141	23,8657	
0,3141	23,8657	
0,3141	23,865	
0,3141	23,865	
0,3141	23,865	
0,3141	23,865	
0,3139	23,8641	
0,3139	23,8641	
0,3139	23,8641	
0,3137	23,8628	
0,3137	23,8628	
0,3135	23,8611	
1,4918	25,3086	
1,2749	25,8044	
1,2749	25,8044	
1,2779	25,7959	
1,0458	26,2309	
1,0458	26,2309	
1,0458	26,2309	
1,0492	26,2234	
1,0492	26,2234	
1,0523	26,2152	
0,8042	26,5779	
0,8042	26,5779	
0,8042	26,5779	
0,8042	26,5779	
0,8076	26,5713	
0,8076	26,5713	
0,8076	26,5713	
0,8109	26,5642	
0,8109	26,5642	
0,8142	26,5559	
0,5417	26,8353	
0,5417	26,8353	
0,5417	26,8353	
0,5417	26,8353	
0,5417	26,8353	
0,5451	26,8297	
0,5451	26,8297	
0,5451	26,8297	
0,5451	26,8297	
0,5484	26,8236	
0,5484	26,8236	
0,5484	26,8236	
0,5518	26,8165	
0,5518	26,8165	
0,5551	26,8082	
0,2773	26,9572	
0,2773	26,9572	
0,2773	26,9572	
0,2773	26,9572	
0,2773	26,9572	
0,2773	26,9572	
0,2802	26,9528	
0,2802	26,9528	
0,2802	26,9528	
0,2802	26,9528	
0,2802	26,9528	
0,283	26,948	
0,283	26,948	
0,283	26,948	
0,283	26,948	
0,2862	26,9422	
0,2862	26,9422	
0,2862	26,9422	
0,2896	26,9353	
0,2896	26,9353	
0,2929	26,9275	
0,2382	26,6805	
0,2382	26,6805	
0,2382	26,6805	
0,2382	26,6805	
0,2382	26,6805	
0,2382	26,6805	
0,2378	26,6796	
0,2378	26,6796	
0,2378	26,6796	
0,2378	26,6796	
0,2378	26,6796	
0,2374	26,6782	
0,2374	26,6782	
0,2374	26,6782	
0,2374	26,6782	
0,2369	26,6763	
0,2369	26,6763	
0,2369	26,6763	
0,2364	26,6737	
0,2364	26,6737	
0,2358	26,6702	
0,2534	26,1399	
0,2534	26,1399	
0,2534	26,1399	
0,2534	26,1399	
0,2534	26,1399	
0,2534	26,1399	
0,2531	26,1391	
0,2531	26,1391	
0,2531	26,1391	
0,2531	26,1391	
0,2531	26,1391	
0,2528	26,1379	
0,2528	26,1379	
0,2528	26,1379	
0,2528	26,1379	
0,2525	26,1363	
0,2525	26,1363	
0,2525	26,1363	
0,252	26,134	
0,252	26,134	
0,2515	26,1309	
0,2872	25,3406	
0,2872	25,3406	
0,2872	25,3406	
0,2872	25,3406	
0,2872	25,3406	
0,2872	25,3406	
0,2871	25,3397	
0,2871	25,3397	
0,2871	25,3397	
0,2871	25,3397	
0,2871	25,3397	
0,287	25,3387	
0,287	25,3387	
0,287	25,3387	
0,287	25,3387	
0,2868	25,3372	
0,2868	25,3372	
0,2868	25,3372	
0,2865	25,3352	
0,2865	25,3352	
0,2862	25,3325	
1,1814	25,4691	
1,0195	25,9411	
1,0195	25,9411	
1,0217	25,933	
0,8534	26,3389	
0,8534	26,3389	
0,8534	26,3389	
0,8559	26,3318	
0,8559	26,3318	
0,8582	26,324	
0,6816	26,6553	
0,6816	26,6553	
0,6816	26,6553	
0,6816	26,6553	
0,6843	26,6491	
0,6843	26,6491	
0,6843	26,6491	
0,6868	26,6424	
0,6868	26,6424	
0,6893	26,6345	
0,511	26,8682	
0,511	26,8682	
0,511	26,8682	
0,511	26,8682	
0,511	26,8682	
0,5136	26,8631	
0,5136	26,8631	
0,5136	26,8631	
0,5136	26,8631	
0,5162	26,8574	
0,5162	26,8574	
0,5162	26,8574	
0,5189	26,8506	
0,5189	26,8506	
0,5216	26,8425	
0,3281	26,9676	
0,3281	26,9676	
0,3281	26,9676	
0,3281	26,9676	
0,3281	26,9676	
0,3281	26,9676	
0,3305	26,9634	
0,3305	26,9634	
0,3305	26,9634	
0,3305	26,9634	
0,3305	26,9634	
0,333	26,9588	
0,333	26,9588	
0,333	26,9588	
0,333	26,9588	
0,3355	26,9533	
0,3355	26,9533	
0,3355	26,9533	
0,3382	26,9467	
0,3382	26,9467	
0,3407	26,9393	
0,2486	26,8044	
0,2486	26,8044	
0,2486	26,8044	
0,2486	26,8044	
0,2486	26,8044	
0,2486	26,8044	
0,2482	26,8033	
0,2482	26,8033	
0,2482	26,8033	
0,2482	26,8033	
0,2482	26,8033	
0,2478	26,8017	
0,2478	26,8017	
0,2478	26,8017	
0,2478	26,8017	
0,2473	26,7995	
0,2473	26,7995	
0,2473	26,7995	
0,2468	26,7965	
0,2468	26,7965	
0,2462	26,7924	
0,2726	26,3428	
0,2726	26,3428	
0,2726	26,3428	
0,2726	26,3428	
0,2726	26,3428	
0,2726	26,3428	
0,2722	26,3419	
0,2722	26,3419	
0,2722	26,3419	
0,2722	26,3419	
0,2722	26,3419	
0,2718	26,3405	
0,2718	26,3405	
0,2718	26,3405	
0,2718	26,3405	
0,2714	26,3386	
0,2714	26,3386	
0,2714	26,3386	
0,2708	26,336	
0,2708	26,336	
0,2701	26,3325	
0,8622	25,6138	
0,7615	26,057	
0,7615	26,057	
0,7629	26,0492	
0,6581	26,4266	
0,6581	26,4266	
0,6581	26,4266	
0,6599	26,4199	
0,6599	26,4199	
0,6614	26,4124	
0,5636	26,7045	
0,5636	26,7045	
0,5636	26,7045	
0,5636	26,7045	
0,5657	26,6986	
0,5657	26,6986	
0,5657	26,6986	
0,5677	26,692	
0,5677	26,692	
0,5696	26,6841	
0,4671	26,8891	
0,4671	26,8891	
0,4671	26,8891	
0,4671	26,8891	
0,4671	26,8891	
0,4692	26,8843	
0,4692	26,8843	
0,4692	26,8843	
0,4692	26,8843	
0,4712	26,8788	
0,4712	26,8788	
0,4712	26,8788	
0,4732	26,8723	
0,4732	26,8723	
0,475	26,8645	
0,3568	26,9724	
0,3568	26,9724	
0,3568	26,9724	
0,3568	26,9724	
0,3568	26,9724	
0,3568	26,9724	
0,3588	26,9685	
0,3588	26,9685	
0,3588	26,9685	
0,3588	26,9685	
0,3588	26,9685	
0,3608	26,9641	
0,3608	26,9641	
0,3608	26,9641	
0,3608	26,9641	
0,3627	26,9588	
0,3627	26,9588	
0,3627	26,9588	
0,3646	26,9525	
0,3646	26,9525	
0,3662	26,9454	
0,2819	26,8749	
0,2819	26,8749	
0,2819	26,8749	
0,2819	26,8749	
0,2819	26,8749	
0,2819	26,8749	
0,282	26,8732	
0,282	26,8732	
0,282	26,8732	
0,282	26,8732	
0,282	26,8732	
0,282	26,8709	
0,282	26,8709	
0,282	26,8709	
0,282	26,8709	
0,2821	26,8677	
0,2821	26,8677	
0,2821	26,8677	
0,2821	26,8636	
0,2821	26,8636	
0,2821	26,8583	
0,5594	25,7253	
0,5228	26,1359	
0,5228	26,1359	
0,5241	26,1279	
0,4853	26,4731	
0,4853	26,4731	
0,4853	26,4731	
0,4867	26,4663	
0,4867	26,4663	
0,4879	26,4587	
0,4462	26,7322	
0,4462	26,7322	
0,4462	26,7322	
0,4462	26,7322	
0,4478	26,7265	
0,4478	26,7265	
0,4478	26,7265	
0,4491	26,7202	
0,4491	26,7202	
0,4502	26,7125	
0,4052	26,9037	
0,4052	26,9037	
0,4052	26,9037	
0,4052	26,9037	
0,4052	26,9037	
0,4069	26,8991	
0,4069	26,8991	
0,4069	26,8991	
0,4069	26,8991	
0,4083	26,8939	
0,4083	26,8939	
0,4083	26,8939	
0,4096	26,8876	
0,4096	26,8876	
0,4105	26,8801	
0,3613	26,972	
0,3613	26,972	
0,3613	26,972	
0,3613	26,972	
0,3613	26,972	
0,3613	26,972	
0,3629	26,9682	
0,3629	26,9682	
0,3629	26,9682	
0,3629	26,9682	
0,3629	26,9682	
0,3643	26,964	
0,3643	26,964	
0,3643	26,964	
0,3643	26,964	
0,3657	26,959	
0,3657	26,959	
0,3657	26,959	
0,3668	26,9529	
0,3668	26,9529	
0,3675	26,9461	
0,2825	25,7814	
0,2902	26,1807	
0,2902	26,1807	
0,2907	26,1729	
0,2979	26,507	
0,2979	26,507	
0,2979	26,507	
0,2987	26,5004	
0,2987	26,5004	
0,2991	26,493	
0,3074	26,7545	
0,3074	26,7545	
0,3074	26,7545	
0,3074	26,7545	
0,3084	26,749	
0,3084	26,749	
0,3084	26,749	
0,309	26,7429	
0,309	26,7429	
0,3092	26,7355	
0,3208	26,9132	
0,3208	26,9132	
0,3208	26,9132	
0,3208	26,9132	
0,3208	26,9132	
0,3219	26,9087	
0,3219	26,9087	
0,3219	26,9087	
0,3219	26,9087	
0,3228	26,9037	
0,3228	26,9037	
0,3228	26,9037	
0,3233	26,8977	
0,3233	26,8977	
0,3233	26,8905	
0,1156	25,70	
0,1291	26,1271	
0,1291	26,1271	
0,1269	26,1215	
0,1514	26,4734	
0,1514	26,4734	
0,1514	26,4734	
0,1503	26,4682	
0,1503	26,4682	
0,1491	26,4618	
0,178	26,7403	
0,178	26,7403	
0,178	26,7403	
0,178	26,7403	
0,1773	26,7362	
0,1773	26,7362	
0,1773	26,7362	
0,1781	26,7293	
0,1781	26,7293	
0,179	26,7206	
0,0769	25,4637	
0,0903	25,9245	
0,0903	25,9245	
0,088	25,9184	
0,1049	26,313	
0,1049	26,313	
0,1049	26,313	
0,1029	26,3083	
0,1029	26,3083	
0,1008	26,3022	
0,0383	25,1809	
0,0519	25,677	
0,0519	25,677	
0,0494	25,6706	
0,0304	24,858	
2,0737	25,0116	
1,7406	25,565	
1,7406	25,565	
1,7453	25,5555	
1,3914	26,0447	
1,3914	26,0447	
1,3914	26,0447	
1,3964	26,0361	
1,3964	26,0361	
1,4013	26,0268	
1,0063	26,4543	
1,0063	26,4543	
1,0063	26,4543	
1,0063	26,4543	
1,0114	26,4465	
1,0114	26,4465	
1,0114	26,4465	
1,0165	26,4382	
1,0165	26,4382	
1,0218	26,4285	
0,5785	26,7756	
0,5785	26,7756	
0,5785	26,7756	
0,5785	26,7756	
0,5785	26,7756	
0,5833	26,7689	
0,5833	26,7689	
0,5833	26,7689	
0,5833	26,7689	
0,5881	26,7618	
0,5881	26,7618	
0,5881	26,7618	
0,5932	26,7536	
0,5932	26,7536	
0,5986	26,7441	
0,2237	26,8595	
0,2237	26,8595	
0,2237	26,8595	
0,2237	26,8595	
0,2237	26,8595	
0,2237	26,8595	
0,2233	26,8587	
0,2233	26,8587	
0,2233	26,8587	
0,2233	26,8587	
0,2233	26,8587	
0,223	26,8575	
0,223	26,8575	
0,223	26,8575	
0,223	26,8575	
0,2226	26,8557	
0,2226	26,8557	
0,2226	26,8557	
0,2221	26,8534	
0,2221	26,8534	
0,2216	26,8503	
0,2305	26,3791	
0,2305	26,3791	
0,2305	26,3791	
0,2305	26,3791	
0,2305	26,3791	
0,2305	26,3791	
0,2304	26,3782	
0,2304	26,3782	
0,2304	26,3782	
0,2304	26,3782	
0,2304	26,3782	
0,2303	26,3769	
0,2303	26,3769	
0,2303	26,3769	
0,2303	26,3769	
0,2302	26,3752	
0,2302	26,3752	
0,2302	26,3752	
0,23	26,373	
0,23	26,373	
0,2297	26,37	
0,2551	25,6462	
0,2551	25,6462	
0,2551	25,6462	
0,2551	25,6462	
0,2551	25,6462	
0,2551	25,6462	
0,255	25,6455	
0,255	25,6455	
0,255	25,6455	
0,255	25,6455	
0,255	25,6455	
0,2549	25,6444	
0,2549	25,6444	
0,2549	25,6444	
0,2549	25,6444	
0,2548	25,643	
0,2548	25,643	
0,2548	25,643	
0,2546	25,6412	
0,2546	25,6412	
0,2543	25,6387	
0,281	24,6597	
0,281	24,6597	
0,281	24,6597	
0,281	24,6597	
0,281	24,6597	
0,281	24,6597	
0,2809	24,6591	
0,2809	24,6591	
0,2809	24,6591	
0,2809	24,6591	
0,2809	24,6591	
0,2809	24,6583	
0,2809	24,6583	
0,2809	24,6583	
0,2809	24,6583	
0,2807	24,6572	
0,2807	24,6572	
0,2807	24,6572	
0,2806	24,6558	
0,2806	24,6558	
0,2803	24,6538	
0,3054	23,4288	
0,3054	23,4288	
0,3054	23,4288	
0,3054	23,4288	
0,3054	23,4288	
0,3054	23,4288	
0,3054	23,4284	
0,3054	23,4284	
0,3054	23,4284	
0,3054	23,4284	
0,3054	23,4284	
0,3053	23,4278	
0,3053	23,4278	
0,3053	23,4278	
0,3053	23,4278	
0,3052	23,427	
0,3052	23,427	
0,3052	23,427	
0,3051	23,4259	
0,3051	23,4259	
0,3049	23,4245	
0,3262	21,9845	
0,3262	21,9845	
0,3262	21,9845	
0,3262	21,9845	
0,3262	21,9845	
0,3262	21,9845	
0,3262	21,9843	
0,3262	21,9843	
0,3262	21,9843	
0,3262	21,9843	
0,3262	21,9843	
0,3261	21,9838	
0,3261	21,9838	
0,3261	21,9838	
0,3261	21,9838	
0,326	21,9833	
0,326	21,9833	
0,326	21,9833	
0,3259	21,9826	
0,3259	21,9826	
0,3258	21,9815	
0,3424	20,37	
0,3424	20,37	
0,3424	20,37	
0,3424	20,37	
0,3424	20,37	
0,3424	20,37	
0,3423	20,3698	
0,3423	20,3698	
0,3423	20,3698	
0,3423	20,3698	
0,3423	20,3698	
0,3423	20,3696	
0,3423	20,3696	
0,3423	20,3696	
0,3423	20,3696	
0,3422	20,3692	
0,3422	20,3692	
0,3422	20,3692	
0,3422	20,3687	
0,3422	20,3687	
1,7654	25,2071	
1,4922	25,7318	
1,4922	25,7318	
1,4961	25,7227	
1,2007	26,1892	
1,2007	26,1892	
1,2007	26,1892	
1,2049	26,1811	
1,2049	26,1811	
1,209	26,1722	
0,8896	26,5671	
0,8896	26,5671	
0,8896	26,5671	
0,8896	26,5671	
0,8938	26,56	
0,8938	26,56	
0,8938	26,56	
0,8979	26,5523	
0,8979	26,5523	
0,9022	26,5433	
0,549	26,8539	
0,549	26,8539	
0,549	26,8539	
0,549	26,8539	
0,549	26,8539	
0,553	26,8477	
0,553	26,8477	
0,553	26,8477	
0,553	26,8477	
0,557	26,8412	
0,557	26,8412	
0,557	26,8412	
0,5613	26,8335	
0,5613	26,8335	
0,5657	26,8246	
0,2396	26,9582	
0,2396	26,9582	
0,2396	26,9582	
0,2396	26,9582	
0,2396	26,9582	
0,2396	26,9582	
0,2391	26,9572	
0,2391	26,9572	
0,2391	26,9572	
0,2391	26,9572	
0,2391	26,9572	
0,2387	26,9559	
0,2387	26,9559	
0,2387	26,9559	
0,2387	26,9559	
0,2382	26,954	
0,2382	26,954	
0,2382	26,954	
0,2376	26,9514	
0,2376	26,9514	
0,237	26,948	
0,2401	26,5636	
0,2401	26,5636	
0,2401	26,5636	
0,2401	26,5636	
0,2401	26,5636	
0,2401	26,5636	
0,2397	26,5627	
0,2397	26,5627	
0,2397	26,5627	
0,2397	26,5627	
0,2397	26,5627	
0,2394	26,5615	
0,2394	26,5615	
0,2394	26,5615	
0,2394	26,5615	
0,239	26,5597	
0,239	26,5597	
0,239	26,5597	
0,2386	26,5574	
0,2386	26,5574	
0,238	26,5543	
0,2625	25,9232	
0,2625	25,9232	
0,2625	25,9232	
0,2625	25,9232	
0,2625	25,9232	
0,2625	25,9232	
0,2624	25,9223	
0,2624	25,9223	
0,2624	25,9223	
0,2624	25,9223	
0,2624	25,9223	
0,2623	25,9211	
0,2623	25,9211	
0,2623	25,9211	
0,2623	25,9211	
0,2621	25,9195	
0,2621	25,9195	
0,2621	25,9195	
0,2619	25,9173	
0,2619	25,9173	
0,2616	25,9145	
0,294	25,0252	
0,294	25,0252	
0,294	25,0252	
0,294	25,0252	
0,294	25,0252	
0,294	25,0252	
0,294	25,0245	
0,294	25,0245	
0,294	25,0245	
0,294	25,0245	
0,294	25,0245	
0,2939	25,0236	
0,2939	25,0236	
0,2939	25,0236	
0,2939	25,0236	
0,2937	25,0223	
0,2937	25,0223	
0,2937	25,0223	
0,2935	25,0206	
0,2935	25,0206	
0,2932	25,0183	
0,3248	23,8767	
0,3248	23,8767	
0,3248	23,8767	
0,3248	23,8767	
0,3248	23,8767	
0,3248	23,8767	
0,3248	23,8762	
0,3248	23,8762	
0,3248	23,8762	
0,3248	23,8762	
0,3248	23,8762	
0,3247	23,8755	
0,3247	23,8755	
0,3247	23,8755	
0,3247	23,8755	
0,3245	23,8745	
0,3245	23,8745	
0,3245	23,8745	
0,3244	23,8733	
0,3244	23,8733	
0,3241	23,8716	
0,3518	22,5021	
0,3518	22,5021	
0,3518	22,5021	
0,3518	22,5021	
0,3518	22,5021	
0,3518	22,5021	
0,3518	22,5017	
0,3518	22,5017	
0,3518	22,5017	
0,3518	22,5017	
0,3518	22,5017	
0,3517	22,5012	
0,3517	22,5012	
0,3517	22,5012	
0,3517	22,5012	
0,3516	22,5005	
0,3516	22,5005	
0,3516	22,5005	
0,3515	22,4997	
0,3515	22,4997	
0,3512	22,4983	
1,4708	25,3761	
1,248	25,8804	
1,248	25,8804	
1,2511	25,8718	
1,0184	26,3095	
1,0184	26,3095	
1,0184	26,3095	
1,0218	26,3019	
1,0218	26,3019	
1,025	26,2935	
0,7783	26,6559	
0,7783	26,6559	
0,7783	26,6559	
0,7783	26,6559	
0,7818	26,6492	
0,7818	26,6492	
0,7818	26,6492	
0,7852	26,642	
0,7852	26,642	
0,7886	26,6335	
0,5254	26,9032	
0,5254	26,9032	
0,5254	26,9032	
0,5254	26,9032	
0,5254	26,9032	
0,5286	26,8978	
0,5286	26,8978	
0,5286	26,8978	
0,5286	26,8978	
0,5318	26,8918	
0,5318	26,8918	
0,5318	26,8918	
0,5352	26,8846	
0,5352	26,8846	
0,5388	26,876	
0,2632	27,0208	
0,2632	27,0208	
0,2632	27,0208	
0,2632	27,0208	
0,2632	27,0208	
0,2632	27,0208	
0,2661	27,0163	
0,2661	27,0163	
0,2661	27,0163	
0,2661	27,0163	
0,2661	27,0163	
0,269	27,0114	
0,269	27,0114	
0,269	27,0114	
0,269	27,0114	
0,2722	27,0055	
0,2722	27,0055	
0,2722	27,0055	
0,2757	26,9985	
0,2757	26,9985	
0,2791	26,9906	
0,2578	26,7062	
0,2578	26,7062	
0,2578	26,7062	
0,2578	26,7062	
0,2578	26,7062	
0,2578	26,7062	
0,2574	26,7053	
0,2574	26,7053	
0,2574	26,7053	
0,2574	26,7053	
0,2574	26,7053	
0,257	26,7039	
0,257	26,7039	
0,257	26,7039	
0,257	26,7039	
0,2565	26,702	
0,2565	26,702	
0,2565	26,702	
0,2559	26,6994	
0,2559	26,6994	
0,2553	26,6959	
0,2707	26,1618	
0,2707	26,1618	
0,2707	26,1618	
0,2707	26,1618	
0,2707	26,1618	
0,2707	26,1618	
0,2705	26,161	
0,2705	26,161	
0,2705	26,161	
0,2705	26,161	
0,2705	26,161	
0,2701	26,1598	
0,2701	26,1598	
0,2701	26,1598	
0,2701	26,1598	
0,2698	26,1581	
0,2698	26,1581	
0,2698	26,1581	
0,2693	26,1558	
0,2693	26,1558	
0,2687	26,1527	
0,3021	25,3573	
0,3021	25,3573	
0,3021	25,3573	
0,3021	25,3573	
0,3021	25,3573	
0,3021	25,3573	
0,302	25,3565	
0,302	25,3565	
0,302	25,3565	
0,302	25,3565	
0,302	25,3565	
0,3019	25,3554	
0,3019	25,3554	
0,3019	25,3554	
0,3019	25,3554	
0,3017	25,3539	
0,3017	25,3539	
0,3017	25,3539	
0,3014	25,3519	
0,3014	25,3519	
0,3011	25,3492	
0,339	24,2939	
0,339	24,2939	
0,339	24,2939	
0,339	24,2939	
0,339	24,2939	
0,339	24,2939	
0,3389	24,2933	
0,3389	24,2933	
0,3389	24,2933	
0,3389	24,2933	
0,3389	24,2933	
0,3388	24,2925	
0,3388	24,2925	
0,3388	24,2925	
0,3388	24,2925	
0,3387	24,2913	
0,3387	24,2913	
0,3387	24,2913	
0,3384	24,2898	
0,3384	24,2898	
0,3381	24,2878	
1,1587	25,5383	
0,9959	26,0142	
0,9959	26,0142	
0,9982	26,006	
0,8311	26,413	
0,8311	26,413	
0,8311	26,413	
0,8338	26,4058	
0,8338	26,4058	
0,8361	26,3978	
0,6603	26,7298	
0,6603	26,7298	
0,6603	26,7298	
0,6603	26,7298	
0,6631	26,7236	
0,6631	26,7236	
0,6631	26,7236	
0,6658	26,7167	
0,6658	26,7167	
0,6685	26,7083	
0,5009	26,9316	
0,5009	26,9316	
0,5009	26,9316	
0,5009	26,9316	
0,5009	26,9316	
0,5036	26,9264	
0,5036	26,9264	
0,5036	26,9264	
0,5036	26,9264	
0,5062	26,9207	
0,5062	26,9207	
0,5062	26,9207	
0,509	26,9138	
0,509	26,9138	
0,5117	26,9056	
0,3148	27,0327	
0,3148	27,0327	
0,3148	27,0327	
0,3148	27,0327	
0,3148	27,0327	
0,3148	27,0327	
0,3173	27,0285	
0,3173	27,0285	
0,3173	27,0285	
0,3173	27,0285	
0,3173	27,0285	
0,3197	27,0238	
0,3197	27,0238	
0,3197	27,0238	
0,3197	27,0238	
0,3224	27,0182	
0,3224	27,0182	
0,3224	27,0182	
0,3251	27,0115	
0,3251	27,0115	
0,3276	27,0039	
0,2689	26,8323	
0,2689	26,8323	
0,2689	26,8323	
0,2689	26,8323	
0,2689	26,8323	
0,2689	26,8323	
0,2685	26,8313	
0,2685	26,8313	
0,2685	26,8313	
0,2685	26,8313	
0,2685	26,8313	
0,268	26,8298	
0,268	26,8298	
0,268	26,8298	
0,268	26,8298	
0,2674	26,8276	
0,2674	26,8276	
0,2674	26,8276	
0,2667	26,8247	
0,2667	26,8247	
0,2659	26,8208	
0,2913	26,3668	
0,2913	26,3668	
0,2913	26,3668	
0,2913	26,3668	
0,2913	26,3668	
0,2913	26,3668	
0,2909	26,3658	
0,2909	26,3658	
0,2909	26,3658	
0,2909	26,3658	
0,2909	26,3658	
0,2905	26,3645	
0,2905	26,3645	
0,2905	26,3645	
0,2905	26,3645	
0,29	26,3626	
0,29	26,3626	
0,29	26,3626	
0,2894	26,36	
0,2894	26,36	
0,2887	26,3564	
0,3185	25,6646	
0,3185	25,6646	
0,3185	25,6646	
0,3185	25,6646	
0,3185	25,6646	
0,3185	25,6646	
0,3182	25,6637	
0,3182	25,6637	
0,3182	25,6637	
0,3182	25,6637	
0,3182	25,6637	
0,3179	25,6626	
0,3179	25,6626	
0,3179	25,6626	
0,3179	25,6626	
0,3175	25,661	
0,3175	25,661	
0,3175	25,661	
0,3171	25,6588	
0,3171	25,6588	
0,3165	25,6558	
0,8432	25,6787	
0,7416	26,1262	
0,7416	26,1262	
0,7432	26,1183	
0,6448	26,4921	
0,6448	26,4921	
0,6448	26,4921	
0,6469	26,485	
0,6469	26,485	
0,6489	26,477	
0,5552	26,7671	
0,5552	26,7671	
0,5552	26,7671	
0,5552	26,7671	
0,5574	26,7611	
0,5574	26,7611	
0,5574	26,7611	
0,5594	26,7544	
0,5594	26,7544	
0,5614	26,7463	
0,4568	26,9546	
0,4568	26,9546	
0,4568	26,9546	
0,4568	26,9546	
0,4568	26,9546	
0,4589	26,9496	
0,4589	26,9496	
0,4589	26,9496	
0,4589	26,9496	
0,461	26,9441	
0,461	26,9441	
0,461	26,9441	
0,463	26,9375	
0,463	26,9375	
0,4648	26,9296	
0,3443	27,0393	
0,3443	27,0393	
0,3443	27,0393	
0,3443	27,0393	
0,3443	27,0393	
0,3443	27,0393	
0,3464	27,0352	
0,3464	27,0352	
0,3464	27,0352	
0,3464	27,0352	
0,3464	27,0352	
0,3484	27,0308	
0,3484	27,0308	
0,3484	27,0308	
0,3484	27,0308	
0,3504	27,0254	
0,3504	27,0254	
0,3504	27,0254	
0,3523	27,0191	
0,3523	27,0191	
0,3539	27,0118	
0,2979	26,9107	
0,2979	26,9107	
0,2979	26,9107	
0,2979	26,9107	
0,2979	26,9107	
0,2979	26,9107	
0,298	26,909	
0,298	26,909	
0,298	26,909	
0,298	26,909	
0,298	26,909	
0,298	26,9066	
0,298	26,9066	
0,298	26,9066	
0,298	26,9066	
0,2981	26,9034	
0,2981	26,9034	
0,2981	26,9034	
0,2981	26,8993	
0,2981	26,8993	
0,2981	26,894	
0,3073	26,5447	
0,3073	26,5447	
0,3073	26,5447	
0,3073	26,5447	
0,3073	26,5447	
0,3073	26,5447	
0,3069	26,5436	
0,3069	26,5436	
0,3069	26,5436	
0,3069	26,5436	
0,3069	26,5436	
0,3065	26,542	
0,3065	26,542	
0,3065	26,542	
0,3065	26,542	
0,306	26,5397	
0,306	26,5397	
0,306	26,5397	
0,3054	26,5366	
0,3054	26,5366	
0,3046	26,5325	
0,5522	25,7773	
0,5153	26,1924	
0,5153	26,1924	
0,5165	26,1842	
0,4765	26,5342	
0,4765	26,5342	
0,4765	26,5342	
0,478	26,5273	
0,478	26,5273	
0,4792	26,5195	
0,4363	26,7971	
0,4363	26,7971	
0,4363	26,7971	
0,4363	26,7971	
0,4379	26,7913	
0,4379	26,7913	
0,4379	26,7913	
0,4393	26,7849	
0,4393	26,7849	
0,4404	26,7771	
0,3943	26,9713	
0,3943	26,9713	
0,3943	26,9713	
0,3943	26,9713	
0,3943	26,9713	
0,3959	26,9666	
0,3959	26,9666	
0,3959	26,9666	
0,3959	26,9666	
0,3974	26,9613	
0,3974	26,9613	
0,3974	26,9613	
0,3987	26,9549	
0,3987	26,9549	
0,3997	26,9473	
0,3494	27,0406	
0,3494	27,0406	
0,3494	27,0406	
0,3494	27,0406	
0,3494	27,0406	
0,3494	27,0406	
0,351	27,0368	
0,351	27,0368	
0,351	27,0368	
0,351	27,0368	
0,351	27,0368	
0,3525	27,0326	
0,3525	27,0326	
0,3525	27,0326	
0,3525	27,0326	
0,3539	27,0274	
0,3539	27,0274	
0,3539	27,0274	
0,3551	27,0213	
0,3551	27,0213	
0,3558	27,0144	
0,3273	26,9524	
0,3273	26,9524	
0,3273	26,9524	
0,3273	26,9524	
0,3273	26,9524	
0,3273	26,9524	
0,3278	26,9499	
0,3278	26,9499	
0,3278	26,9499	
0,3278	26,9499	
0,3278	26,9499	
0,3291	26,946	
0,3291	26,946	
0,3291	26,946	
0,3291	26,946	
0,3305	26,9411	
0,3305	26,9411	
0,3305	26,9411	
0,3319	26,9352	
0,3319	26,9352	
0,3333	26,9277	
0,273	25,8351	
0,2799	26,2397	
0,2799	26,2397	
0,2805	26,2318	
0,287	26,5706	
0,287	26,5706	
0,287	26,5706	
0,2878	26,5639	
0,2878	26,5639	
0,2882	26,5564	
0,2959	26,8218	
0,2959	26,8218	
0,2959	26,8218	
0,2959	26,8218	
0,2969	26,8163	
0,2969	26,8163	
0,2969	26,8163	
0,2976	26,8101	
0,2976	26,8101	
0,2979	26,8025	
0,3092	26,9831	
0,3092	26,9831	
0,3092	26,9831	
0,3092	26,9831	
0,3092	26,9831	
0,3103	26,9785	
0,3103	26,9785	
0,3103	26,9785	
0,3103	26,9785	
0,3112	26,9735	
0,3112	26,9735	
0,3112	26,9735	
0,3117	26,9673	
0,3117	26,9673	
0,3117	26,96	
0,3295	27,0373	
0,3295	27,0373	
0,3295	27,0373	
0,3295	27,0373	
0,3295	27,0373	
0,3295	27,0373	
0,3307	27,0337	
0,3307	27,0337	
0,3307	27,0337	
0,3307	27,0337	
0,3307	27,0337	
0,3317	27,0296	
0,3317	27,0296	
0,3317	27,0296	
0,3317	27,0296	
0,3325	27,0247	
0,3325	27,0247	
0,3325	27,0247	
0,3328	27,0188	
0,3328	27,0188	
0,3325	27,0122	
0,1309	25,728	
0,1461	26,1583	
0,1461	26,1583	
0,1439	26,1526	
0,1652	26,5124	
0,1652	26,5124	
0,1652	26,5124	
0,1641	26,5071	
0,1641	26,5071	
0,1629	26,5006	
0,1931	26,7819	
0,1931	26,7819	
0,1931	26,7819	
0,1931	26,7819	
0,1923	26,7778	
0,1923	26,7778	
0,1923	26,7778	
0,1913	26,7727	
0,1913	26,7727	
0,1902	26,7659	
0,2266	26,9639	
0,2266	26,9639	
0,2266	26,9639	
0,2266	26,9639	
0,2266	26,9639	
0,226	26,9609	
0,226	26,9609	
0,226	26,9609	
0,226	26,9609	
0,2252	26,957	
0,2252	26,957	
0,2252	26,957	
0,2257	26,9503	
0,2257	26,9503	
0,2264	26,9416	
0,0922	25,4925	
0,1075	25,9567	
0,1075	25,9567	
0,1051	25,9505	
0,1239	26,3484	
0,1239	26,3484	
0,1239	26,3484	
0,1218	26,3436	
0,1218	26,3436	
0,1197	26,3375	
0,1422	26,6642	
0,1422	26,6642	
0,1422	26,6642	
0,1422	26,6642	
0,1405	26,6606	
0,1405	26,6606	
0,1405	26,6606	
0,1386	26,6558	
0,1386	26,6558	
0,1365	26,6492	
0,0506	25,22	
0,0691	25,7163	
0,0691	25,7163	
0,0665	25,7097	
0,0886	26,1413	
0,0886	26,1413	
0,0886	26,1413	
0,0864	26,1361	
0,0864	26,1361	
0,084	26,1295	
0,0398	24,8953	
0,0468	25,4371	
0,0468	25,4371	
0,0462	25,428	
1,7046	25,1977	
1,428	25,7213	
1,428	25,7213	
1,432	25,7123	
1,1417	26,1705	
1,1417	26,1705	
1,1417	26,1705	
1,1459	26,1624	
1,1459	26,1624	
1,15	26,1537	
0,8414	26,5363	
0,8414	26,5363	
0,8414	26,5363	
0,8414	26,5363	
0,8455	26,5293	
0,8455	26,5293	
0,8455	26,5293	
0,8496	26,5217	
0,8496	26,5217	
0,8539	26,5128	
0,52	26,8044	
0,52	26,8044	
0,52	26,8044	
0,52	26,8044	
0,52	26,8044	
0,5236	26,7988	
0,5236	26,7988	
0,5236	26,7988	
0,5236	26,7988	
0,5273	26,7927	
0,5273	26,7927	
0,5273	26,7927	
0,5313	26,7853	
0,5313	26,7853	
0,5357	26,7765	
0,2678	26,8549	
0,2678	26,8549	
0,2678	26,8549	
0,2678	26,8549	
0,2678	26,8549	
0,2678	26,8549	
0,2673	26,8539	
0,2673	26,8539	
0,2673	26,8539	
0,2673	26,8539	
0,2673	26,8539	
0,2669	26,8526	
0,2669	26,8526	
0,2669	26,8526	
0,2669	26,8526	
0,2664	26,8508	
0,2664	26,8508	
0,2664	26,8508	
0,2658	26,8482	
0,2658	26,8482	
0,2652	26,8449	
0,2658	26,4687	
0,2658	26,4687	
0,2658	26,4687	
0,2658	26,4687	
0,2658	26,4687	
0,2658	26,4687	
0,2655	26,4679	
0,2655	26,4679	
0,2655	26,4679	
0,2655	26,4679	
0,2655	26,4679	
0,2651	26,4667	
0,2651	26,4667	
0,2651	26,4667	
0,2651	26,4667	
0,2647	26,465	
0,2647	26,465	
0,2647	26,465	
0,2643	26,4627	
0,2643	26,4627	
0,2637	26,4596	
0,283	25,8421	
0,283	25,8421	
0,283	25,8421	
0,283	25,8421	
0,283	25,8421	
0,283	25,8421	
0,2829	25,8412	
0,2829	25,8412	
0,2829	25,8412	
0,2829	25,8412	
0,2829	25,8412	
0,2827	25,84	
0,2827	25,84	
0,2827	25,84	
0,2827	25,84	
0,2826	25,8385	
0,2826	25,8385	
0,2826	25,8385	
0,2823	25,8364	
0,2823	25,8364	
0,282	25,8336	
0,3103	24,9585	
0,3103	24,9585	
0,3103	24,9585	
0,3103	24,9585	
0,3103	24,9585	
0,3103	24,9585	
0,3102	24,9578	
0,3102	24,9578	
0,3102	24,9578	
0,3102	24,9578	
0,3102	24,9578	
0,3101	24,9569	
0,3101	24,9569	
0,3101	24,9569	
0,3101	24,9569	
0,31	24,9556	
0,31	24,9556	
0,31	24,9556	
0,3098	24,9539	
0,3098	24,9539	
0,3095	24,9517	
0,337	23,8245	
0,337	23,8245	
0,337	23,8245	
0,337	23,8245	
0,337	23,8245	
0,337	23,8245	
0,337	23,824	
0,337	23,824	
0,337	23,824	
0,337	23,824	
0,337	23,824	
0,3369	23,8233	
0,3369	23,8233	
0,3369	23,8233	
0,3369	23,8233	
0,3367	23,8224	
0,3367	23,8224	
0,3367	23,8224	
0,3366	23,8211	
0,3366	23,8211	
0,3363	23,8194	
0,3605	22,4629	
0,3605	22,4629	
0,3605	22,4629	
0,3605	22,4629	
0,3605	22,4629	
0,3605	22,4629	
0,3604	22,4626	
0,3604	22,4626	
0,3604	22,4626	
0,3604	22,4626	
0,3604	22,4626	
0,3604	22,4621	
0,3604	22,4621	
0,3604	22,4621	
0,3604	22,4621	
0,3603	22,4614	
0,3603	22,4614	
0,3603	22,4614	
0,3601	22,4606	
0,3601	22,4606	
0,3599	22,4592	
0,3793	20,913	
0,3793	20,913	
0,3793	20,913	
0,3793	20,913	
0,3793	20,913	
0,3793	20,913	
0,3793	20,9128	
0,3793	20,9128	
0,3793	20,9128	
0,3793	20,9128	
0,3793	20,9128	
0,3792	20,9125	
0,3792	20,9125	
0,3792	20,9125	
0,3792	20,9125	
0,3791	20,9121	
0,3791	20,9121	
0,3791	20,9121	
0,379	20,9114	
0,379	20,9114	
1,4131	25,3666	
1,1936	25,8629	
1,1936	25,8629	
1,1968	25,8544	
0,9708	26,2816	
0,9708	26,2816	
0,9708	26,2816	
0,9742	26,2741	
0,9742	26,2741	
0,9774	26,2657	
0,7368	26,6197	
0,7368	26,6197	
0,7368	26,6197	
0,7368	26,6197	
0,7403	26,6132	
0,7403	26,6132	
0,7403	26,6132	
0,7436	26,606	
0,7436	26,606	
0,7471	26,5975	
0,513	26,8378	
0,513	26,8378	
0,513	26,8378	
0,513	26,8378	
0,513	26,8378	
0,516	26,8325	
0,516	26,8325	
0,516	26,8325	
0,516	26,8325	
0,5192	26,8266	
0,5192	26,8266	
0,5192	26,8266	
0,5226	26,8195	
0,5226	26,8195	
0,5262	26,811	
0,2815	26,9267	
0,2815	26,9267	
0,2815	26,9267	
0,2815	26,9267	
0,2815	26,9267	
0,2815	26,9267	
0,2811	26,9256	
0,2811	26,9256	
0,2811	26,9256	
0,2811	26,9256	
0,2811	26,9256	
0,2807	26,9241	
0,2807	26,9241	
0,2807	26,9241	
0,2807	26,9241	
0,2802	26,9219	
0,2802	26,9219	
0,2802	26,9219	
0,2797	26,9189	
0,2797	26,9189	
0,2791	26,9151	
0,2842	26,6087	
0,2842	26,6087	
0,2842	26,6087	
0,2842	26,6087	
0,2842	26,6087	
0,2842	26,6087	
0,2839	26,6078	
0,2839	26,6078	
0,2839	26,6078	
0,2839	26,6078	
0,2839	26,6078	
0,2834	26,6065	
0,2834	26,6065	
0,2834	26,6065	
0,2834	26,6065	
0,283	26,6046	
0,283	26,6046	
0,283	26,6046	
0,2824	26,6021	
0,2824	26,6021	
0,2818	26,5986	
0,2939	26,0751	
0,2939	26,0751	
0,2939	26,0751	
0,2939	26,0751	
0,2939	26,0751	
0,2939	26,0751	
0,2936	26,0743	
0,2936	26,0743	
0,2936	26,0743	
0,2936	26,0743	
0,2936	26,0743	
0,2933	26,0731	
0,2933	26,0731	
0,2933	26,0731	
0,2933	26,0731	
0,2929	26,0715	
0,2929	26,0715	
0,2929	26,0715	
0,2924	26,0692	
0,2924	26,0692	
0,2919	26,0662	
0,3197	25,2856	
0,3197	25,2856	
0,3197	25,2856	
0,3197	25,2856	
0,3197	25,2856	
0,3197	25,2856	
0,3196	25,2848	
0,3196	25,2848	
0,3196	25,2848	
0,3196	25,2848	
0,3196	25,2848	
0,3194	25,2837	
0,3194	25,2837	
0,3194	25,2837	
0,3194	25,2837	
0,3192	25,2822	
0,3192	25,2822	
0,3192	25,2822	
0,319	25,2803	
0,319	25,2803	
0,3186	25,2776	
0,3524	24,2366	
0,3524	24,2366	
0,3524	24,2366	
0,3524	24,2366	
0,3524	24,2366	
0,3524	24,2366	
0,3523	24,236	
0,3523	24,236	
0,3523	24,236	
0,3523	24,236	
0,3523	24,236	
0,3522	24,2352	
0,3522	24,2352	
0,3522	24,2352	
0,3522	24,2352	
0,352	24,234	
0,352	24,234	
0,352	24,234	
0,3518	24,2325	
0,3518	24,2325	
0,3515	24,2305	
0,3821	22,9496	
0,3821	22,9496	
0,3821	22,9496	
0,3821	22,9496	
0,3821	22,9496	
0,3821	22,9496	
0,3821	22,9492	
0,3821	22,9492	
0,3821	22,9492	
0,3821	22,9492	
0,3821	22,9492	
0,382	22,9486	
0,382	22,9486	
0,382	22,9486	
0,382	22,9486	
0,3818	22,9478	
0,3818	22,9478	
0,3818	22,9478	
0,3817	22,9468	
0,3817	22,9468	
0,3814	22,9452	
1,1124	25,5208	
0,9542	25,9872	
0,9542	25,9872	
0,9566	25,979	
0,7922	26,3791	
0,7922	26,3791	
0,7922	26,3791	
0,7949	26,3719	
0,7949	26,3719	
0,7974	26,364	
0,6467	26,6678	
0,6467	26,6678	
0,6467	26,6678	
0,6467	26,6678	
0,6494	26,6617	
0,6494	26,6617	
0,6494	26,6617	
0,6521	26,6548	
0,6521	26,6548	
0,6549	26,6466	
0,4891	26,8668	
0,4891	26,8668	
0,4891	26,8668	
0,4891	26,8668	
0,4891	26,8668	
0,4917	26,8617	
0,4917	26,8617	
0,4917	26,8617	
0,4917	26,8617	
0,4943	26,856	
0,4943	26,856	
0,4943	26,856	
0,497	26,8492	
0,497	26,8492	
0,4997	26,8411	
0,3143	26,9575	
0,3143	26,9575	
0,3143	26,9575	
0,3143	26,9575	
0,3143	26,9575	
0,3143	26,9575	
0,3143	26,9558	
0,3143	26,9558	
0,3143	26,9558	
0,3143	26,9558	
0,3143	26,9558	
0,3144	26,9535	
0,3144	26,9535	
0,3144	26,9535	
0,3144	26,9535	
0,3145	26,9504	
0,3145	26,9504	
0,3145	26,9504	
0,3155	26,9456	
0,3155	26,9456	
0,318	26,9381	
0,2963	26,7329	
0,2963	26,7329	
0,2963	26,7329	
0,2963	26,7329	
0,2963	26,7329	
0,2963	26,7329	
0,2958	26,7319	
0,2958	26,7319	
0,2958	26,7319	
0,2958	26,7319	
0,2958	26,7319	
0,2953	26,7304	
0,2953	26,7304	
0,2953	26,7304	
0,2953	26,7304	
0,2947	26,7283	
0,2947	26,7283	
0,2947	26,7283	
0,2941	26,7254	
0,2941	26,7254	
0,2935	26,7214	
0,3155	26,2767	
0,3155	26,2767	
0,3155	26,2767	
0,3155	26,2767	
0,3155	26,2767	
0,3155	26,2767	
0,3151	26,2758	
0,3151	26,2758	
0,3151	26,2758	
0,3151	26,2758	
0,3151	26,2758	
0,3147	26,2744	
0,3147	26,2744	
0,3147	26,2744	
0,3147	26,2744	
0,3142	26,2726	
0,3142	26,2726	
0,3142	26,2726	
0,3136	26,27	
0,3136	26,27	
0,3129	26,2665	
0,3387	25,5869	
0,3387	25,5869	
0,3387	25,5869	
0,3387	25,5869	
0,3387	25,5869	
0,3387	25,5869	
0,3384	25,5861	
0,3384	25,5861	
0,3384	25,5861	
0,3384	25,5861	
0,3384	25,5861	
0,3381	25,585	
0,3381	25,585	
0,3381	25,585	
0,3381	25,585	
0,3377	25,5834	
0,3377	25,5834	
0,3377	25,5834	
0,3372	25,5812	
0,3372	25,5812	
0,3366	25,5783	
0,3637	24,6448	
0,3637	24,6448	
0,3637	24,6448	
0,3637	24,6448	
0,3637	24,6448	
0,3637	24,6448	
0,3636	24,6441	
0,3636	24,6441	
0,3636	24,6441	
0,3636	24,6441	
0,3636	24,6441	
0,3633	24,6432	
0,3633	24,6432	
0,3633	24,6432	
0,3633	24,6432	
0,363	24,642	
0,363	24,642	
0,363	24,642	
0,3627	24,6403	
0,3627	24,6403	
0,3622	24,6379	
0,8099	25,6518	
0,7166	26,0858	
0,7166	26,0858	
0,7186	26,0775	
0,6326	26,4345	
0,6326	26,4345	
0,6326	26,4345	
0,6347	26,4275	
0,6347	26,4275	
0,6366	26,4196	
0,5434	26,7058	
0,5434	26,7058	
0,5434	26,7058	
0,5434	26,7058	
0,5456	26,6999	
0,5456	26,6999	
0,5456	26,6999	
0,5476	26,6933	
0,5476	26,6933	
0,5495	26,6854	
0,4458	26,8907	
0,4458	26,8907	
0,4458	26,8907	
0,4458	26,8907	
0,4458	26,8907	
0,4479	26,8858	
0,4479	26,8858	
0,4479	26,8858	
0,4479	26,8858	
0,45	26,8804	
0,45	26,8804	
0,45	26,8804	
0,452	26,8739	
0,452	26,8739	
0,4538	26,8661	
0,3385	26,9705	
0,3385	26,9705	
0,3385	26,9705	
0,3385	26,9705	
0,3385	26,9705	
0,3385	26,9705	
0,3399	26,9672	
0,3399	26,9672	
0,3399	26,9672	
0,3399	26,9672	
0,3399	26,9672	
0,3414	26,9632	
0,3414	26,9632	
0,3414	26,9632	
0,3414	26,9632	
0,3431	26,9582	
0,3431	26,9582	
0,3431	26,9582	
0,3451	26,9519	
0,3451	26,9519	
0,3471	26,9443	
0,3225	26,814	
0,3225	26,814	
0,3225	26,814	
0,3225	26,814	
0,3225	26,814	
0,3225	26,814	
0,3225	26,8124	
0,3225	26,8124	
0,3225	26,8124	
0,3225	26,8124	
0,3225	26,8124	
0,3226	26,81	
0,3226	26,81	
0,3226	26,81	
0,3226	26,81	
0,3226	26,8069	
0,3226	26,8069	
0,3226	26,8069	
0,3226	26,8029	
0,3226	26,8029	
0,3226	26,7977	
0,3329	26,4523	
0,3329	26,4523	
0,3329	26,4523	
0,3329	26,4523	
0,3329	26,4523	
0,3329	26,4523	
0,3325	26,4512	
0,3325	26,4512	
0,3325	26,4512	
0,3325	26,4512	
0,3325	26,4512	
0,3321	26,4495	
0,3321	26,4495	
0,3321	26,4495	
0,3321	26,4495	
0,3316	26,4473	
0,3316	26,4473	
0,3316	26,4473	
0,331	26,4443	
0,331	26,4443	
0,3302	26,4402	
0,3624	25,8548	
0,3624	25,8548	
0,3624	25,8548	
0,3624	25,8548	
0,3624	25,8548	
0,3624	25,8548	
0,362	25,8539	
0,362	25,8539	
0,362	25,8539	
0,362	25,8539	
0,362	25,8539	
0,3617	25,8526	
0,3617	25,8526	
0,3617	25,8526	
0,3617	25,8526	
0,3612	25,8508	
0,3612	25,8508	
0,3612	25,8508	
0,3605	25,8482	
0,3605	25,8482	
0,3598	25,8449	
0,543	25,7295	
0,5056	26,1398	
0,5056	26,1398	
0,5069	26,1318	
0,4666	26,4774	
0,4666	26,4774	
0,4666	26,4774	
0,4681	26,4706	
0,4681	26,4706	
0,4692	26,463	
0,4263	26,7369	
0,4263	26,7369	
0,4263	26,7369	
0,4263	26,7369	
0,4279	26,7312	
0,4279	26,7312	
0,4279	26,7312	
0,4293	26,7248	
0,4293	26,7248	
0,4304	26,7171	
0,3845	26,9087	
0,3845	26,9087	
0,3845	26,9087	
0,3845	26,9087	
0,3845	26,9087	
0,3861	26,904	
0,3861	26,904	
0,3861	26,904	
0,3861	26,904	
0,3876	26,8988	
0,3876	26,8988	
0,3876	26,8988	
0,3889	26,8925	
0,3889	26,8925	
0,3898	26,885	
0,3469	26,9702	
0,3469	26,9702	
0,3469	26,9702	
0,3469	26,9702	
0,3469	26,9702	
0,3469	26,9702	
0,3482	26,9668	
0,3482	26,9668	
0,3482	26,9668	
0,3482	26,9668	
0,3482	26,9668	
0,3495	26,9628	
0,3495	26,9628	
0,3495	26,9628	
0,3495	26,9628	
0,3509	26,9577	
0,3509	26,9577	
0,3509	26,9577	
0,3525	26,9513	
0,3525	26,9513	
0,354	26,9436	
0,352	26,8565	
0,352	26,8565	
0,352	26,8565	
0,352	26,8565	
0,352	26,8565	
0,352	26,8565	
0,3519	26,8547	
0,3519	26,8547	
0,3519	26,8547	
0,3519	26,8547	
0,3519	26,8547	
0,3518	26,8522	
0,3518	26,8522	
0,3518	26,8522	
0,3518	26,8522	
0,3517	26,8489	
0,3517	26,8489	
0,3517	26,8489	
0,3514	26,8447	
0,3514	26,8447	
0,3511	26,839	
0,3714	26,5644	
0,3714	26,5644	
0,3714	26,5644	
0,3714	26,5644	
0,3714	26,5644	
0,3714	26,5644	
0,3713	26,5627	
0,3713	26,5627	
0,3713	26,5627	
0,3713	26,5627	
0,3713	26,5627	
0,3713	26,5604	
0,3713	26,5604	
0,3713	26,5604	
0,3713	26,5604	
0,3712	26,5574	
0,3712	26,5574	
0,3712	26,5574	
0,371	26,5534	
0,371	26,5534	
0,3706	26,5482	
0,267	25,7881	
0,2734	26,1881	
0,2734	26,1881	
0,2739	26,1803	
0,2804	26,5144	
0,2804	26,5144	
0,2804	26,5144	
0,2817	26,5073	
0,2817	26,5073	
0,2831	26,499	
0,2923	26,759	
0,2923	26,759	
0,2923	26,759	
0,2923	26,759	
0,2935	26,7533	
0,2935	26,7533	
0,2935	26,7533	
0,2947	26,7466	
0,2947	26,7466	
0,296	26,7381	
0,3083	26,9147	
0,3083	26,9147	
0,3083	26,9147	
0,3083	26,9147	
0,3083	26,9147	
0,3095	26,9102	
0,3095	26,9102	
0,3095	26,9102	
0,3095	26,9102	
0,3106	26,9049	
0,3106	26,9049	
0,3106	26,9049	
0,3119	26,8982	
0,3119	26,8982	
0,313	26,8898	
0,3312	26,9653	
0,3312	26,9653	
0,3312	26,9653	
0,3312	26,9653	
0,3312	26,9653	
0,3312	26,9653	
0,3323	26,9618	
0,3323	26,9618	
0,3323	26,9618	
0,3323	26,9618	
0,3323	26,9618	
0,3333	26,9578	
0,3333	26,9578	
0,3333	26,9578	
0,3333	26,9578	
0,3344	26,9526	
0,3344	26,9526	
0,3344	26,9526	
0,3355	26,946	
0,3355	26,946	
0,3365	26,9382	
0,3647	26,8836	
0,3647	26,8836	
0,3647	26,8836	
0,3647	26,8836	
0,3647	26,8836	
0,3647	26,8836	
0,3656	26,8806	
0,3656	26,8806	
0,3656	26,8806	
0,3656	26,8806	
0,3656	26,8806	
0,3666	26,8767	
0,3666	26,8767	
0,3666	26,8767	
0,3666	26,8767	
0,3677	26,8717	
0,3677	26,8717	
0,3677	26,8717	
0,3686	26,8658	
0,3686	26,8658	
0,3693	26,8583	
0,1551	25,6549	
0,1727	26,0779	
0,1727	26,0779	
0,1704	26,0723	
0,1913	26,4278	
0,1913	26,4278	
0,1913	26,4278	
0,1894	26,4235	
0,1894	26,4235	
0,1879	26,4174	
0,2194	26,6934	
0,2194	26,6934	
0,2194	26,6934	
0,2194	26,6934	
0,2185	26,6894	
0,2185	26,6894	
0,2185	26,6894	
0,2175	26,6844	
0,2175	26,6844	
0,2164	26,6777	
0,2535	26,8718	
0,2535	26,8718	
0,2535	26,8718	
0,2535	26,8718	
0,2535	26,8718	
0,2528	26,8687	
0,2528	26,8687	
0,2528	26,8687	
0,2528	26,8687	
0,2521	26,8649	
0,2521	26,8649	
0,2521	26,8649	
0,2512	26,8597	
0,2512	26,8597	
0,2501	26,8529	
0,2959	26,9498	
0,2959	26,9498	
0,2959	26,9498	
0,2959	26,9498	
0,2959	26,9498	
0,2959	26,9498	
0,2954	26,9476	
0,2954	26,9476	
0,2954	26,9476	
0,2954	26,9476	
0,2954	26,9476	
0,2949	26,9448	
0,2949	26,9448	
0,2949	26,9448	
0,2949	26,9448	
0,2942	26,9409	
0,2942	26,9409	
0,2942	26,9409	
0,2937	26,9353	
0,2937	26,9353	
0,2941	26,9273	
0,1157	25,4258	
0,1335	25,8826	
0,1335	25,8826	
0,1311	25,8766	
0,1521	26,2676	
0,1521	26,2676	
0,1521	26,2676	
0,15	26,2629	
0,15	26,2629	
0,1479	26,2569	
0,1722	26,5775	
0,1722	26,5775	
0,1722	26,5775	
0,1722	26,5775	
0,1705	26,5739	
0,1705	26,5739	
0,1705	26,5739	
0,1687	26,5692	
0,1687	26,5692	
0,1665	26,5628	
0,2016	26,7998	
0,2016	26,7998	
0,2016	26,7998	
0,2016	26,7998	
0,2016	26,7998	
0,2001	26,7972	
0,2001	26,7972	
0,2001	26,7972	
0,2001	26,7972	
0,1986	26,7937	
0,1986	26,7937	
0,1986	26,7937	
0,1968	26,7889	
0,1968	26,7889	
0,1946	26,7823	
0,0743	25,1645	
0,0953	25,6531	
0,0953	25,6531	
0,0927	25,6467	
0,1172	26,0708	
0,1172	26,0708	
0,1172	26,0708	
0,1149	26,0657	
0,1149	26,0657	
0,1125	26,0592	
0,1404	26,4147	
0,1404	26,4147	
0,1404	26,4147	
0,1404	26,4147	
0,1385	26,4108	
0,1385	26,4108	
0,1385	26,4108	
0,1364	26,4057	
0,1364	26,4057	
0,1341	26,3988	
0,0536	24,8514	
0,0624	25,3872	
0,0624	25,3872	
0,0618	25,3782	
0,0775	25,8478	
0,0775	25,8478	
0,0775	25,8478	
0,0752	25,8422	
0,0752	25,8422	
0,0743	25,8335	
1,3185	25,2505	
1,1105	25,7217	
1,1105	25,7217	
1,1137	25,7134	
0,8993	26,1185	
0,8993	26,1185	
0,8993	26,1185	
0,9026	26,1112	
0,9026	26,1112	
0,9058	26,1032	
0,7063	26,4099	
0,7063	26,4099	
0,7063	26,4099	
0,7063	26,4099	
0,7094	26,4038	
0,7094	26,4038	
0,7094	26,4038	
0,7126	26,3971	
0,7126	26,3971	
0,716	26,3889	
0,4978	26,6127	
0,4978	26,6127	
0,4978	26,6127	
0,4978	26,6127	
0,4978	26,6127	
0,5007	26,6077	
0,5007	26,6077	
0,5007	26,6077	
0,5007	26,6077	
0,5037	26,602	
0,5037	26,602	
0,5037	26,602	
0,507	26,5953	
0,507	26,5953	
0,5104	26,5873	
0,3213	26,6539	
0,3213	26,6539	
0,3213	26,6539	
0,3213	26,6539	
0,3213	26,6539	
0,3213	26,6539	
0,3209	26,6528	
0,3209	26,6528	
0,3209	26,6528	
0,3209	26,6528	
0,3209	26,6528	
0,3205	26,6514	
0,3205	26,6514	
0,3205	26,6514	
0,3205	26,6514	
0,32	26,6494	
0,32	26,6494	
0,32	26,6494	
0,3195	26,6466	
0,3195	26,6466	
0,3189	26,643	
0,3195	26,356	
0,3195	26,356	
0,3195	26,356	
0,3195	26,356	
0,3195	26,356	
0,3195	26,356	
0,3192	26,3551	
0,3192	26,3551	
0,3192	26,3551	
0,3192	26,3551	
0,3192	26,3551	
0,3187	26,3539	
0,3187	26,3539	
0,3187	26,3539	
0,3187	26,3539	
0,3183	26,3521	
0,3183	26,3521	
0,3183	26,3521	
0,3177	26,3497	
0,3177	26,3497	
0,3171	26,3465	
0,3248	25,8504	
0,3248	25,8504	
0,3248	25,8504	
0,3248	25,8504	
0,3248	25,8504	
0,3248	25,8504	
0,3245	25,8496	
0,3245	25,8496	
0,3245	25,8496	
0,3245	25,8496	
0,3245	25,8496	
0,3242	25,8485	
0,3242	25,8485	
0,3242	25,8485	
0,3242	25,8485	
0,3238	25,8469	
0,3238	25,8469	
0,3238	25,8469	
0,3234	25,8448	
0,3234	25,8448	
0,3228	25,8419	
0,3412	25,1002	
0,3412	25,1002	
0,3412	25,1002	
0,3412	25,1002	
0,3412	25,1002	
0,3412	25,1002	
0,3411	25,0994	
0,3411	25,0994	
0,3411	25,0994	
0,3411	25,0994	
0,3411	25,0994	
0,341	25,0984	
0,341	25,0984	
0,341	25,0984	
0,341	25,0984	
0,3408	25,097	
0,3408	25,097	
0,3408	25,097	
0,3405	25,0951	
0,3405	25,0951	
0,3401	25,0926	
0,3684	24,0895	
0,3684	24,0895	
0,3684	24,0895	
0,3684	24,0895	
0,3684	24,0895	
0,3684	24,0895	
0,3684	24,0889	
0,3684	24,0889	
0,3684	24,0889	
0,3684	24,0889	
0,3684	24,0889	
0,3682	24,0881	
0,3682	24,0881	
0,3682	24,0881	
0,3682	24,0881	
0,3681	24,087	
0,3681	24,087	
0,3681	24,087	
0,3678	24,0856	
0,3678	24,0856	
0,3675	24,0836	
0,3934	22,8388	
0,3934	22,8388	
0,3934	22,8388	
0,3934	22,8388	
0,3934	22,8388	
0,3934	22,8388	
0,3934	22,8384	
0,3934	22,8384	
0,3934	22,8384	
0,3934	22,8384	
0,3934	22,8384	
0,3933	22,8378	
0,3933	22,8378	
0,3933	22,8378	
0,3933	22,8378	
0,3932	22,837	
0,3932	22,837	
0,3932	22,837	
0,393	22,836	
0,393	22,836	
0,3927	22,8345	
0,4143	21,3795	
0,4143	21,3795	
0,4143	21,3795	
0,4143	21,3795	
0,4143	21,3795	
0,4143	21,3795	
0,4142	21,3793	
0,4142	21,3793	
0,4142	21,3793	
0,4142	21,3793	
0,4142	21,3793	
0,4142	21,3789	
0,4142	21,3789	
0,4142	21,3789	
0,4142	21,3789	
0,4141	21,3784	
0,4141	21,3784	
0,4141	21,3784	
0,4139	21,3776	
0,4139	21,3776	
1,0425	25,3879	
0,8897	25,834	
0,8897	25,834	
0,8922	25,826	
0,761	26,1809	
0,761	26,1809	
0,761	26,1809	
0,7637	26,1739	
0,7637	26,1739	
0,7663	26,1661	
0,6256	26,4517	
0,6256	26,4517	
0,6256	26,4517	
0,6256	26,4517	
0,6282	26,4459	
0,6282	26,4459	
0,6282	26,4459	
0,6308	26,4394	
0,6308	26,4394	
0,6335	26,4315	
0,4753	26,641	
0,4753	26,641	
0,4753	26,641	
0,4753	26,641	
0,4753	26,641	
0,4778	26,6361	
0,4778	26,6361	
0,4778	26,6361	
0,4778	26,6361	
0,4802	26,6307	
0,4802	26,6307	
0,4802	26,6307	
0,4828	26,6243	
0,4828	26,6243	
0,4855	26,6166	
0,3509	26,6855	
0,3509	26,6855	
0,3509	26,6855	
0,3509	26,6855	
0,3509	26,6855	
0,3509	26,6855	
0,3509	26,6838	
0,3509	26,6838	
0,3509	26,6838	
0,3509	26,6838	
0,3509	26,6838	
0,351	26,6817	
0,351	26,6817	
0,351	26,6817	
0,351	26,6817	
0,3511	26,6788	
0,3511	26,6788	
0,3511	26,6788	
0,3512	26,675	
0,3512	26,675	
0,3514	26,6701	
0,3335	26,4722	
0,3335	26,4722	
0,3335	26,4722	
0,3335	26,4722	
0,3335	26,4722	
0,3335	26,4722	
0,3331	26,4712	
0,3331	26,4712	
0,3331	26,4712	
0,3331	26,4712	
0,3331	26,4712	
0,3327	26,4697	
0,3327	26,4697	
0,3327	26,4697	
0,3327	26,4697	
0,3322	26,4676	
0,3322	26,4676	
0,3322	26,4676	
0,3317	26,4649	
0,3317	26,4649	
0,331	26,4611	
0,347	26,0421	
0,347	26,0421	
0,347	26,0421	
0,347	26,0421	
0,347	26,0421	
0,347	26,0421	
0,3466	26,0412	
0,3466	26,0412	
0,3466	26,0412	
0,3466	26,0412	
0,3466	26,0412	
0,3462	26,0399	
0,3462	26,0399	
0,3462	26,0399	
0,3462	26,0399	
0,3458	26,0382	
0,3458	26,0382	
0,3458	26,0382	
0,3452	26,0358	
0,3452	26,0358	
0,3445	26,0325	
0,3647	25,3853	
0,3647	25,3853	
0,3647	25,3853	
0,3647	25,3853	
0,3647	25,3853	
0,3647	25,3853	
0,3645	25,3845	
0,3645	25,3845	
0,3645	25,3845	
0,3645	25,3845	
0,3645	25,3845	
0,3642	25,3835	
0,3642	25,3835	
0,3642	25,3835	
0,3642	25,3835	
0,3638	25,382	
0,3638	25,382	
0,3638	25,382	
0,3633	25,3799	
0,3633	25,3799	
0,3627	25,3771	
0,384	24,4809	
0,384	24,4809	
0,384	24,4809	
0,384	24,4809	
0,384	24,4809	
0,384	24,4809	
0,3838	24,4803	
0,3838	24,4803	
0,3838	24,4803	
0,3838	24,4803	
0,3838	24,4803	
0,3836	24,4795	
0,3836	24,4795	
0,3836	24,4795	
0,3836	24,4795	
0,3833	24,4782	
0,3833	24,4782	
0,3833	24,4782	
0,3829	24,4766	
0,3829	24,4766	
0,3824	24,4744	
0,4122	23,3193	
0,4122	23,3193	
0,4122	23,3193	
0,4122	23,3193	
0,4122	23,3193	
0,4122	23,3193	
0,4121	23,3188	
0,4121	23,3188	
0,4121	23,3188	
0,4121	23,3188	
0,4121	23,3188	
0,412	23,3181	
0,412	23,3181	
0,412	23,3181	
0,412	23,3181	
0,4118	23,3172	
0,4118	23,3172	
0,4118	23,3172	
0,4116	23,3159	
0,4116	23,3159	
0,4112	23,314	
0,7742	25,4929	
0,6952	25,8969	
0,6952	25,8969	
0,6972	25,889	
0,6135	26,2303	
0,6135	26,2303	
0,6135	26,2303	
0,6156	26,2236	
0,6156	26,2236	
0,6175	26,2161	
0,5277	26,4888	
0,5277	26,4888	
0,5277	26,4888	
0,5277	26,4888	
0,5297	26,4832	
0,5297	26,4832	
0,5297	26,4832	
0,5317	26,477	
0,5317	26,477	
0,5336	26,4694	
0,4344	26,6646	
0,4344	26,6646	
0,4344	26,6646	
0,4344	26,6646	
0,4344	26,6646	
0,4364	26,66	
0,4364	26,66	
0,4364	26,66	
0,4364	26,66	
0,4384	26,6548	
0,4384	26,6548	
0,4384	26,6548	
0,4403	26,6486	
0,4403	26,6486	
0,4421	26,6412	
0,3717	26,701	
0,3717	26,701	
0,3717	26,701	
0,3717	26,701	
0,3717	26,701	
0,3717	26,701	
0,3716	26,6993	
0,3716	26,6993	
0,3716	26,6993	
0,3716	26,6993	
0,3716	26,6993	
0,3716	26,697	
0,3716	26,697	
0,3716	26,697	
0,3716	26,697	
0,3715	26,694	
0,3715	26,694	
0,3715	26,694	
0,3715	26,6899	
0,3715	26,6899	
0,3714	26,6848	
0,3577	26,5513	
0,3577	26,5513	
0,3577	26,5513	
0,3577	26,5513	
0,3577	26,5513	
0,3577	26,5513	
0,3577	26,5497	
0,3577	26,5497	
0,3577	26,5497	
0,3577	26,5497	
0,3577	26,5497	
0,3577	26,5476	
0,3577	26,5476	
0,3577	26,5476	
0,3577	26,5476	
0,3577	26,5446	
0,3577	26,5446	
0,3577	26,5446	
0,3577	26,5409	
0,3577	26,5409	
0,3576	26,5359	
0,3667	26,2078	
0,3667	26,2078	
0,3667	26,2078	
0,3667	26,2078	
0,3667	26,2078	
0,3667	26,2078	
0,3663	26,2068	
0,3663	26,2068	
0,3663	26,2068	
0,3663	26,2068	
0,3663	26,2068	
0,3659	26,2052	
0,3659	26,2052	
0,3659	26,2052	
0,3659	26,2052	
0,3654	26,2032	
0,3654	26,2032	
0,3654	26,2032	
0,3648	26,2003	
0,3648	26,2003	
0,364	26,1965	
0,3893	25,642	
0,3893	25,642	
0,3893	25,642	
0,3893	25,642	
0,3893	25,642	
0,3893	25,642	
0,389	25,6411	
0,389	25,6411	
0,389	25,6411	
0,389	25,6411	
0,389	25,6411	
0,3886	25,6399	
0,3886	25,6399	
0,3886	25,6399	
0,3886	25,6399	
0,3882	25,6382	
0,3882	25,6382	
0,3882	25,6382	
0,3875	25,6358	
0,3875	25,6358	
0,3868	25,6325	
0,4207	24,8286	
0,4207	24,8286	
0,4207	24,8286	
0,4207	24,8286	
0,4207	24,8286	
0,4207	24,8286	
0,4205	24,8279	
0,4205	24,8279	
0,4205	24,8279	
0,4205	24,8279	
0,4205	24,8279	
0,4202	24,8269	
0,4202	24,8269	
0,4202	24,8269	
0,4202	24,8269	
0,4198	24,8254	
0,4198	24,8254	
0,4198	24,8254	
0,4193	24,8235	
0,4193	24,8235	
0,4187	24,8209	
0,5304	25,5562	
0,4935	25,9497	
0,4935	25,9497	
0,4947	25,942	
0,4554	26,2723	
0,4554	26,2723	
0,4554	26,2723	
0,4568	26,2659	
0,4568	26,2659	
0,4579	26,2585	
0,4164	26,5195	
0,4164	26,5195	
0,4164	26,5195	
0,4164	26,5195	
0,418	26,5141	
0,418	26,5141	
0,418	26,5141	
0,4193	26,508	
0,4193	26,508	
0,4204	26,5007	
0,3776	26,6816	
0,3776	26,6816	
0,3776	26,6816	
0,3776	26,6816	
0,3776	26,6816	
0,3789	26,6774	
0,3789	26,6774	
0,3789	26,6774	
0,3789	26,6774	
0,3802	26,6725	
0,3802	26,6725	
0,3802	26,6725	
0,3817	26,6662	
0,3817	26,6662	
0,3833	26,6584	
0,3755	26,7063	
0,3755	26,7063	
0,3755	26,7063	
0,3755	26,7063	
0,3755	26,7063	
0,3755	26,7063	
0,3753	26,7045	
0,3753	26,7045	
0,3753	26,7045	
0,3753	26,7045	
0,3753	26,7045	
0,3751	26,7021	
0,3751	26,7021	
0,3751	26,7021	
0,3751	26,7021	
0,3749	26,6989	
0,3749	26,6989	
0,3749	26,6989	
0,3746	26,6946	
0,3746	26,6946	
0,3741	26,6891	
0,3863	26,5924	
0,3863	26,5924	
0,3863	26,5924	
0,3863	26,5924	
0,3863	26,5924	
0,3863	26,5924	
0,3862	26,5908	
0,3862	26,5908	
0,3862	26,5908	
0,3862	26,5908	
0,3862	26,5908	
0,3861	26,5885	
0,3861	26,5885	
0,3861	26,5885	
0,3861	26,5885	
0,3859	26,5853	
0,3859	26,5853	
0,3859	26,5853	
0,3857	26,5813	
0,3857	26,5813	
0,3853	26,576	
0,4026	26,317	
0,4026	26,317	
0,4026	26,317	
0,4026	26,317	
0,4026	26,317	
0,4026	26,317	
0,4025	26,3154	
0,4025	26,3154	
0,4025	26,3154	
0,4025	26,3154	
0,4025	26,3154	
0,4025	26,3132	
0,4025	26,3132	
0,4025	26,3132	
0,4025	26,3132	
0,4024	26,3104	
0,4024	26,3104	
0,4024	26,3104	
0,4022	26,3067	
0,4022	26,3067	
0,4017	26,3017	
0,4245	25,8418	
0,4245	25,8418	
0,4245	25,8418	
0,4245	25,8418	
0,4245	25,8418	
0,4245	25,8418	
0,4245	25,8404	
0,4245	25,8404	
0,4245	25,8404	
0,4245	25,8404	
0,4245	25,8404	
0,4245	25,8386	
0,4245	25,8386	
0,4245	25,8386	
0,4245	25,8386	
0,4244	25,836	
0,4244	25,836	
0,4244	25,836	
0,4242	25,8327	
0,4242	25,8327	
0,4238	25,8284	
0,2794	25,5996	
0,2892	25,9793	
0,2892	25,9793	
0,2905	25,971	
0,3031	26,2838	
0,3031	26,2838	
0,3031	26,2838	
0,3022	26,2791	
0,3022	26,2791	
0,3021	26,2725	
0,319	26,512	
0,319	26,512	
0,319	26,512	
0,319	26,512	
0,3184	26,5084	
0,3184	26,5084	
0,3184	26,5084	
0,3177	26,5039	
0,3177	26,5039	
0,3168	26,4979	
0,3383	26,6559	
0,3383	26,6559	
0,3383	26,6559	
0,3383	26,6559	
0,3383	26,6559	
0,3378	26,6532	
0,3378	26,6532	
0,3378	26,6532	
0,3378	26,6532	
0,3373	26,6498	
0,3373	26,6498	
0,3373	26,6498	
0,3367	26,6452	
0,3367	26,6452	
0,3359	26,6391	
0,363	26,7009	
0,363	26,7009	
0,363	26,7009	
0,363	26,7009	
0,363	26,7009	
0,363	26,7009	
0,3627	26,6989	
0,3627	26,6989	
0,3627	26,6989	
0,3627	26,6989	
0,3627	26,6989	
0,3623	26,6964	
0,3623	26,6964	
0,3623	26,6964	
0,3623	26,6964	
0,3619	26,693	
0,3619	26,693	
0,3619	26,693	
0,3613	26,6884	
0,3613	26,6884	
0,3606	26,6826	
0,3956	26,6226	
0,3956	26,6226	
0,3956	26,6226	
0,3956	26,6226	
0,3956	26,6226	
0,3956	26,6226	
0,3953	26,6209	
0,3953	26,6209	
0,3953	26,6209	
0,3953	26,6209	
0,3953	26,6209	
0,3951	26,6184	
0,3951	26,6184	
0,3951	26,6184	
0,3951	26,6184	
0,3947	26,615	
0,3947	26,615	
0,3947	26,615	
0,3942	26,6108	
0,3942	26,6108	
0,3934	26,6051	
0,4388	26,3916	
0,4388	26,3916	
0,4388	26,3916	
0,4388	26,3916	
0,4388	26,3916	
0,4388	26,3916	
0,4387	26,3899	
0,4387	26,3899	
0,4387	26,3899	
0,4387	26,3899	
0,4387	26,3899	
0,4385	26,3876	
0,4385	26,3876	
0,4385	26,3876	
0,4385	26,3876	
0,4381	26,3845	
0,4381	26,3845	
0,4381	26,3845	
0,4376	26,3805	
0,4376	26,3805	
0,4369	26,3751	
0,191	25,4533	
0,2114	25,8563	
0,2114	25,8563	
0,2092	25,851	
0,2323	26,1883	
0,2323	26,1883	
0,2323	26,1883	
0,2304	26,1842	
0,2304	26,1842	
0,2285	26,1789	
0,2592	26,4415	
0,2592	26,4415	
0,2592	26,4415	
0,2592	26,4415	
0,2584	26,4378	
0,2584	26,4378	
0,2584	26,4378	
0,2574	26,433	
0,2574	26,433	
0,2562	26,4267	
0,2933	26,6098	
0,2933	26,6098	
0,2933	26,6098	
0,2933	26,6098	
0,2933	26,6098	
0,2927	26,6069	
0,2927	26,6069	
0,2927	26,6069	
0,2927	26,6069	
0,2919	26,6033	
0,2919	26,6033	
0,2919	26,6033	
0,291	26,5985	
0,291	26,5985	
0,2899	26,592	
0,3343	26,6833	
0,3343	26,6833	
0,3343	26,6833	
0,3343	26,6833	
0,3343	26,6833	
0,3343	26,6833	
0,3338	26,6813	
0,3338	26,6813	
0,3338	26,6813	
0,3338	26,6813	
0,3338	26,6813	
0,3333	26,6786	
0,3333	26,6786	
0,3333	26,6786	
0,3333	26,6786	
0,3326	26,6749	
0,3326	26,6749	
0,3326	26,6749	
0,3317	26,67	
0,3317	26,67	
0,3306	26,6639	
0,3855	26,64	
0,3855	26,64	
0,3855	26,64	
0,3855	26,64	
0,3855	26,64	
0,3855	26,64	
0,3852	26,6381	
0,3852	26,6381	
0,3852	26,6381	
0,3852	26,6381	
0,3852	26,6381	
0,3847	26,6355	
0,3847	26,6355	
0,3847	26,6355	
0,3847	26,6355	
0,3841	26,6319	
0,3841	26,6319	
0,3841	26,6319	
0,3833	26,6273	
0,3833	26,6273	
0,3824	26,6209	
0,1503	25,2373	
0,171	25,6739	
0,171	25,6739	
0,1687	25,6681	
0,1921	26,0401	
0,1921	26,0401	
0,1921	26,0401	
0,1901	26,0356	
0,1901	26,0356	
0,188	26,0299	
0,2151	26,3328	
0,2151	26,3328	
0,2151	26,3328	
0,2151	26,3328	
0,2134	26,3294	
0,2134	26,3294	
0,2134	26,3294	
0,2116	26,3251	
0,2116	26,3251	
0,2094	26,319	
0,2461	26,5418	
0,2461	26,5418	
0,2461	26,5418	
0,2461	26,5418	
0,2461	26,5418	
0,2447	26,5393	
0,2447	26,5393	
0,2447	26,5393	
0,2447	26,5393	
0,2432	26,5361	
0,2432	26,5361	
0,2432	26,5361	
0,2414	26,5315	
0,2414	26,5315	
0,2393	26,5253	
0,2908	26,6535	
0,2908	26,6535	
0,2908	26,6535	
0,2908	26,6535	
0,2908	26,6535	
0,2908	26,6535	
0,2901	26,6513	
0,2901	26,6513	
0,2901	26,6513	
0,2901	26,6513	
0,2901	26,6513	
0,2894	26,6484	
0,2894	26,6484	
0,2894	26,6484	
0,2894	26,6484	
0,2885	26,6446	
0,2885	26,6446	
0,2885	26,6446	
0,2874	26,6394	
0,2874	26,6394	
0,2858	26,6328	
0,1093	24,9922	
0,1334	25,46	
0,1334	25,46	
0,1308	25,4539	
0,1579	25,858	
0,1579	25,858	
0,1579	25,858	
0,1557	25,8532	
0,1557	25,8532	
0,1533	25,847	
0,1832	26,1843	
0,1832	26,1843	
0,1832	26,1843	
0,1832	26,1843	
0,1814	26,1806	
0,1814	26,1806	
0,1814	26,1806	
0,1794	26,1758	
0,1794	26,1758	
0,177	26,1692	
0,2102	26,4347	
0,2102	26,4347	
0,2102	26,4347	
0,2102	26,4347	
0,2102	26,4347	
0,2087	26,432	
0,2087	26,432	
0,2087	26,432	
0,2087	26,432	
0,207	26,4284	
0,207	26,4284	
0,207	26,4284	
0,2051	26,4234	
0,2051	26,4234	
0,2028	26,4165	
0,0737	24,7036	
0,0914	25,2136	
0,0914	25,2136	
0,0905	25,2052	
0,1179	25,6462	
0,1179	25,6462	
0,1179	25,6462	
0,1155	25,641	
0,1155	25,641	
0,1129	25,6344	
0,1466	26,0062	
0,1466	26,0062	
0,1466	26,0062	
0,1466	26,0062	
0,1445	26,0023	
0,1445	26,0023	
0,1445	26,0023	
0,1423	25,9971	
0,1423	25,9971	
0,1397	25,99	
0,9568	25,0955	
0,8404	25,4797	
0,8404	25,4797	
0,8429	25,4722	
0,7216	25,7968	
0,7216	25,7968	
0,7216	25,7968	
0,7241	25,7904	
0,7241	25,7904	
0,7265	25,7833	
0,5968	26,0441	
0,5968	26,0441	
0,5968	26,0441	
0,5968	26,0441	
0,5992	26,0388	
0,5992	26,0388	
0,5992	26,0388	
0,6015	26,0329	
0,6015	26,0329	
0,604	26,0257	
0,4597	26,2161	
0,4597	26,2161	
0,4597	26,2161	
0,4597	26,2161	
0,4597	26,2161	
0,462	26,2117	
0,462	26,2117	
0,462	26,2117	
0,462	26,2117	
0,4642	26,2068	
0,4642	26,2068	
0,4642	26,2068	
0,4666	26,201	
0,4666	26,201	
0,469	26,194	
0,399	26,2043	
0,399	26,2043	
0,399	26,2043	
0,399	26,2043	
0,399	26,2043	
0,399	26,2043	
0,399	26,2028	
0,399	26,2028	
0,399	26,2028	
0,399	26,2028	
0,399	26,2028	
0,3991	26,2009	
0,3991	26,2009	
0,3991	26,2009	
0,3991	26,2009	
0,3992	26,1983	
0,3992	26,1983	
0,3992	26,1983	
0,3993	26,1949	
0,3993	26,1949	
0,3993	26,1906	
0,3816	26,0122	
0,3816	26,0122	
0,3816	26,0122	
0,3816	26,0122	
0,3816	26,0122	
0,3816	26,0122	
0,3812	26,0113	
0,3812	26,0113	
0,3812	26,0113	
0,3812	26,0113	
0,3812	26,0113	
0,3808	26,01	
0,3808	26,01	
0,3808	26,01	
0,3808	26,01	
0,3804	26,0081	
0,3804	26,0081	
0,3804	26,0081	
0,3799	26,0056	
0,3799	26,0056	
0,3793	26,0022	
0,3867	25,6261	
0,3867	25,6261	
0,3867	25,6261	
0,3867	25,6261	
0,3867	25,6261	
0,3867	25,6261	
0,3864	25,6253	
0,3864	25,6253	
0,3864	25,6253	
0,3864	25,6253	
0,3864	25,6253	
0,386	25,6241	
0,386	25,6241	
0,386	25,6241	
0,386	25,6241	
0,3856	25,6225	
0,3856	25,6225	
0,3856	25,6225	
0,385	25,6203	
0,385	25,6203	
0,3843	25,6173	
0,398	25,0249	
0,398	25,0249	
0,398	25,0249	
0,398	25,0249	
0,398	25,0249	
0,398	25,0249	
0,3977	25,0242	
0,3977	25,0242	
0,3977	25,0242	
0,3977	25,0242	
0,3977	25,0242	
0,3974	25,0232	
0,3974	25,0232	
0,3974	25,0232	
0,3974	25,0232	
0,3971	25,0218	
0,3971	25,0218	
0,3971	25,0218	
0,3966	25,0199	
0,3966	25,0199	
0,3961	25,0173	
0,4101	24,1854	
0,4101	24,1854	
0,4101	24,1854	
0,4101	24,1854	
0,4101	24,1854	
0,4101	24,1854	
0,4099	24,1848	
0,4099	24,1848	
0,4099	24,1848	
0,4099	24,1848	
0,4099	24,1848	
0,4097	24,184	
0,4097	24,184	
0,4097	24,184	
0,4097	24,184	
0,4094	24,1829	
0,4094	24,1829	
0,4094	24,1829	
0,4091	24,1813	
0,4091	24,1813	
0,4086	24,1793	
0,427	23,0946	
0,427	23,0946	
0,427	23,0946	
0,427	23,0946	
0,427	23,0946	
0,427	23,0946	
0,4269	23,0942	
0,4269	23,0942	
0,4269	23,0942	
0,4269	23,0942	
0,4269	23,0942	
0,4268	23,0935	
0,4268	23,0935	
0,4268	23,0935	
0,4268	23,0935	
0,4266	23,0926	
0,4266	23,0926	
0,4266	23,0926	
0,4264	23,0914	
0,4264	23,0914	
0,4261	23,0897	
0,4493	21,7668	
0,4493	21,7668	
0,4493	21,7668	
0,4493	21,7668	
0,4493	21,7668	
0,4493	21,7668	
0,4492	21,7665	
0,4492	21,7665	
0,4492	21,7665	
0,4492	21,7665	
0,4492	21,7665	
0,4491	21,7661	
0,4491	21,7661	
0,4491	21,7661	
0,4491	21,7661	
0,449	21,7655	
0,449	21,7655	
0,449	21,7655	
0,4488	21,7645	
0,4488	21,7645	
0,7394	25,1635	
0,664	25,5367	
0,664	25,5367	
0,6658	25,5294	
0,5873	25,8427	
0,5873	25,8427	
0,5873	25,8427	
0,5892	25,8365	
0,5892	25,8365	
0,5909	25,8296	
0,508	26,0785	
0,508	26,0785	
0,508	26,0785	
0,508	26,0785	
0,5099	26,0735	
0,5099	26,0735	
0,5099	26,0735	
0,5116	26,0677	
0,5116	26,0677	
0,5134	26,0608	
0,4308	26,2302	
0,4308	26,2302	
0,4308	26,2302	
0,4308	26,2302	
0,4308	26,2302	
0,4306	26,2281	
0,4306	26,2281	
0,4306	26,2281	
0,4306	26,2281	
0,4319	26,2239	
0,4319	26,2239	
0,4319	26,2239	
0,4335	26,2184	
0,4335	26,2184	
0,4354	26,2115	
0,4183	26,2189	
0,4183	26,2189	
0,4183	26,2189	
0,4183	26,2189	
0,4183	26,2189	
0,4183	26,2189	
0,4182	26,2173	
0,4182	26,2173	
0,4182	26,2173	
0,4182	26,2173	
0,4182	26,2173	
0,4181	26,2153	
0,4181	26,2153	
0,4181	26,2153	
0,4181	26,2153	
0,418	26,2126	
0,418	26,2126	
0,418	26,2126	
0,4179	26,2089	
0,4179	26,2089	
0,4178	26,2043	
0,404	26,0845	
0,404	26,0845	
0,404	26,0845	
0,404	26,0845	
0,404	26,0845	
0,404	26,0845	
0,404	26,0831	
0,404	26,0831	
0,404	26,0831	
0,404	26,0831	
0,404	26,0831	
0,404	26,0812	
0,404	26,0812	
0,404	26,0812	
0,404	26,0812	
0,404	26,0785	
0,404	26,0785	
0,404	26,0785	
0,4039	26,0752	
0,4039	26,0752	
0,4038	26,0707	
0,4095	25,7741	
0,4095	25,7741	
0,4095	25,7741	
0,4095	25,7741	
0,4095	25,7741	
0,4095	25,7741	
0,4092	25,7731	
0,4092	25,7731	
0,4092	25,7731	
0,4092	25,7731	
0,4092	25,7731	
0,4088	25,7718	
0,4088	25,7718	
0,4088	25,7718	
0,4088	25,7718	
0,4083	25,7699	
0,4083	25,7699	
0,4083	25,7699	
0,4077	25,7673	
0,4077	25,7673	
0,407	25,7638	
0,4228	25,2615	
0,4228	25,2615	
0,4228	25,2615	
0,4228	25,2615	
0,4228	25,2615	
0,4228	25,2615	
0,4225	25,2607	
0,4225	25,2607	
0,4225	25,2607	
0,4225	25,2607	
0,4225	25,2607	
0,4221	25,2596	
0,4221	25,2596	
0,4221	25,2596	
0,4221	25,2596	
0,4216	25,258	
0,4216	25,258	
0,4216	25,258	
0,4211	25,2558	
0,4211	25,2558	
0,4203	25,2528	
0,4467	24,5103	
0,4467	24,5103	
0,4467	24,5103	
0,4467	24,5103	
0,4467	24,5103	
0,4467	24,5103	
0,4465	24,5097	
0,4465	24,5097	
0,4465	24,5097	
0,4465	24,5097	
0,4465	24,5097	
0,4462	24,5088	
0,4462	24,5088	
0,4462	24,5088	
0,4462	24,5088	
0,4459	24,5074	
0,4459	24,5074	
0,4459	24,5074	
0,4454	24,5056	
0,4454	24,5056	
0,4448	24,5032	
0,4712	23,5128	
0,4712	23,5128	
0,4712	23,5128	
0,4712	23,5128	
0,4712	23,5128	
0,4712	23,5128	
0,471	23,5123	
0,471	23,5123	
0,471	23,5123	
0,471	23,5123	
0,471	23,5123	
0,4708	23,5116	
0,4708	23,5116	
0,4708	23,5116	
0,4708	23,5116	
0,4705	23,5106	
0,4705	23,5106	
0,4705	23,5106	
0,4701	23,5092	
0,4701	23,5092	
0,4696	23,5071	
0,5141	25,2228	
0,4788	25,5861	
0,4788	25,5861	
0,4799	25,579	
0,443	25,8819	
0,443	25,8819	
0,443	25,8819	
0,4443	25,8759	
0,4443	25,8759	
0,4453	25,8692	
0,4144	26,0997	
0,4144	26,0997	
0,4144	26,0997	
0,4144	26,0997	
0,4157	26,0949	
0,4157	26,0949	
0,4157	26,0949	
0,4171	26,0893	
0,4171	26,0893	
0,4185	26,0822	
0,4158	26,21	
0,4158	26,21	
0,4158	26,21	
0,4158	26,21	
0,4158	26,21	
0,4155	26,2077	
0,4155	26,2077	
0,4155	26,2077	
0,4155	26,2077	
0,4152	26,2048	
0,4152	26,2048	
0,4152	26,2048	
0,4148	26,2009	
0,4148	26,2009	
0,4143	26,1958	
0,4219	26,2244	
0,4219	26,2244	
0,4219	26,2244	
0,4219	26,2244	
0,4219	26,2244	
0,4219	26,2244	
0,4217	26,2228	
0,4217	26,2228	
0,4217	26,2228	
0,4217	26,2228	
0,4217	26,2228	
0,4215	26,2206	
0,4215	26,2206	
0,4215	26,2206	
0,4215	26,2206	
0,4212	26,2177	
0,4212	26,2177	
0,4212	26,2177	
0,4209	26,2139	
0,4209	26,2139	
0,4205	26,209	
0,4306	26,1223	
0,4306	26,1223	
0,4306	26,1223	
0,4306	26,1223	
0,4306	26,1223	
0,4306	26,1223	
0,4305	26,1208	
0,4305	26,1208	
0,4305	26,1208	
0,4305	26,1208	
0,4305	26,1208	
0,4303	26,1187	
0,4303	26,1187	
0,4303	26,1187	
0,4303	26,1187	
0,4302	26,1159	
0,4302	26,1159	
0,4302	26,1159	
0,4299	26,1123	
0,4299	26,1123	
0,4295	26,1076	
0,4429	25,8743	
0,4429	25,8743	
0,4429	25,8743	
0,4429	25,8743	
0,4429	25,8743	
0,4429	25,8743	
0,4429	25,8729	
0,4429	25,8729	
0,4429	25,8729	
0,4429	25,8729	
0,4429	25,8729	
0,4428	25,8709	
0,4428	25,8709	
0,4428	25,8709	
0,4428	25,8709	
0,4427	25,8683	
0,4427	25,8683	
0,4427	25,8683	
0,4425	25,865	
0,4425	25,865	
0,442	25,8605	
0,4592	25,4429	
0,4592	25,4429	
0,4592	25,4429	
0,4592	25,4429	
0,4592	25,4429	
0,4592	25,4429	
0,4592	25,4416	
0,4592	25,4416	
0,4592	25,4416	
0,4592	25,4416	
0,4592	25,4416	
0,4592	25,4399	
0,4592	25,4399	
0,4592	25,4399	
0,4592	25,4399	
0,4591	25,4376	
0,4591	25,4376	
0,4591	25,4376	
0,4589	25,4346	
0,4589	25,4346	
0,4585	25,4307	
0,489	24,7821	
0,489	24,7821	
0,489	24,7821	
0,489	24,7821	
0,489	24,7821	
0,489	24,7821	
0,4888	24,7813	
0,4888	24,7813	
0,4888	24,7813	
0,4888	24,7813	
0,4888	24,7813	
0,4885	24,7802	
0,4885	24,7802	
0,4885	24,7802	
0,4885	24,7802	
0,488	24,7785	
0,488	24,7785	
0,488	24,7785	
0,4875	24,7764	
0,4875	24,7764	
0,4868	24,7735	
0,3198	25,2259	
0,3359	25,5693	
0,3359	25,5693	
0,3349	25,5639	
0,352	25,8452	
0,352	25,8452	
0,352	25,8452	
0,3512	25,841	
0,3512	25,841	
0,3502	25,8357	
0,3689	26,0509	
0,3689	26,0509	
0,3689	26,0509	
0,3689	26,0509	
0,3682	26,0477	
0,3682	26,0477	
0,3682	26,0477	
0,3675	26,0437	
0,3675	26,0437	
0,3667	26,0383	
0,3878	26,1802	
0,3878	26,1802	
0,3878	26,1802	
0,3878	26,1802	
0,3878	26,1802	
0,3874	26,1777	
0,3874	26,1777	
0,3874	26,1777	
0,3874	26,1777	
0,3869	26,1747	
0,3869	26,1747	
0,3869	26,1747	
0,3863	26,1706	
0,3863	26,1706	
0,3855	26,1651	
0,4107	26,2205	
0,4107	26,2205	
0,4107	26,2205	
0,4107	26,2205	
0,4107	26,2205	
0,4107	26,2205	
0,4104	26,2187	
0,4104	26,2187	
0,4104	26,2187	
0,4104	26,2187	
0,4104	26,2187	
0,41	26,2165	
0,41	26,2165	
0,41	26,2165	
0,41	26,2165	
0,4096	26,2134	
0,4096	26,2134	
0,4096	26,2134	
0,409	26,2093	
0,409	26,2093	
0,4083	26,2041	
0,4394	26,1504	
0,4394	26,1504	
0,4394	26,1504	
0,4394	26,1504	
0,4394	26,1504	
0,4394	26,1504	
0,4392	26,1488	
0,4392	26,1488	
0,4392	26,1488	
0,4392	26,1488	
0,4392	26,1488	
0,439	26,1466	
0,439	26,1466	
0,439	26,1466	
0,439	26,1466	
0,4386	26,1436	
0,4386	26,1436	
0,4386	26,1436	
0,4381	26,1397	
0,4381	26,1397	
0,4374	26,1346	
0,4768	25,9426	
0,4768	25,9426	
0,4768	25,9426	
0,4768	25,9426	
0,4768	25,9426	
0,4768	25,9426	
0,4766	25,9411	
0,4766	25,9411	
0,4766	25,9411	
0,4766	25,9411	
0,4766	25,9411	
0,4764	25,939	
0,4764	25,939	
0,4764	25,939	
0,4764	25,939	
0,4761	25,9362	
0,4761	25,9362	
0,4761	25,9362	
0,4756	25,9326	
0,4756	25,9326	
0,4748	25,9278	
0,524	25,5608	
0,524	25,5608	
0,524	25,5608	
0,524	25,5608	
0,524	25,5608	
0,524	25,5608	
0,5239	25,5593	
0,5239	25,5593	
0,5239	25,5593	
0,5239	25,5593	
0,5239	25,5593	
0,5238	25,5575	
0,5238	25,5575	
0,5238	25,5575	
0,5238	25,5575	
0,5235	25,555	
0,5235	25,555	
0,5235	25,555	
0,523	25,5517	
0,523	25,5517	
0,5223	25,5474	
0,2406	25,0879	
0,2639	25,457	
0,2639	25,457	
0,2618	25,4522	
0,2869	25,759	
0,2869	25,759	
0,2869	25,759	
0,2852	25,7552	
0,2852	25,7552	
0,2833	25,7504	
0,3137	25,9886	
0,3137	25,9886	
0,3137	25,9886	
0,3137	25,9886	
0,3129	25,9852	
0,3129	25,9852	
0,3129	25,9852	
0,312	25,9809	
0,312	25,9809	
0,3108	25,9752	
0,3467	26,1399	
0,3467	26,1399	
0,3467	26,1399	
0,3467	26,1399	
0,3467	26,1399	
0,346	26,1374	
0,346	26,1374	
0,346	26,1374	
0,346	26,1374	
0,3454	26,1341	
0,3454	26,1341	
0,3454	26,1341	
0,3445	26,1298	
0,3445	26,1298	
0,3434	26,124	
0,3846	26,2059	
0,3846	26,2059	
0,3846	26,2059	
0,3846	26,2059	
0,3846	26,2059	
0,3846	26,2059	
0,3842	26,2041	
0,3842	26,2041	
0,3842	26,2041	
0,3842	26,2041	
0,3842	26,2041	
0,3837	26,2017	
0,3837	26,2017	
0,3837	26,2017	
0,3837	26,2017	
0,3831	26,1984	
0,3831	26,1984	
0,3831	26,1984	
0,3822	26,194	
0,3822	26,194	
0,3812	26,1885	
0,4307	26,1672	
0,4307	26,1672	
0,4307	26,1672	
0,4307	26,1672	
0,4307	26,1672	
0,4307	26,1672	
0,4304	26,1655	
0,4304	26,1655	
0,4304	26,1655	
0,4304	26,1655	
0,4304	26,1655	
0,4299	26,1631	
0,4299	26,1631	
0,4299	26,1631	
0,4299	26,1631	
0,4293	26,1599	
0,4293	26,1599	
0,4293	26,1599	
0,4286	26,1558	
0,4286	26,1558	
0,4275	26,1503	
0,4891	25,9986	
0,4891	25,9986	
0,4891	25,9986	
0,4891	25,9986	
0,4891	25,9986	
0,4891	25,9986	
0,4888	25,997	
0,4888	25,997	
0,4888	25,997	
0,4888	25,997	
0,4888	25,997	
0,4884	25,9947	
0,4884	25,9947	
0,4884	25,9947	
0,4884	25,9947	
0,4879	25,9918	
0,4879	25,9918	
0,4879	25,9918	
0,4871	25,9878	
0,4871	25,9878	
0,486	25,9826	
0,1981	24,8927	
0,2219	25,2945	
0,2219	25,2945	
0,2197	25,2893	
0,2455	25,629	
0,2455	25,629	
0,2455	25,629	
0,2436	25,6249	
0,2436	25,6249	
0,2416	25,6197	
0,2733	25,8911	
0,2733	25,8911	
0,2733	25,8911	
0,2733	25,8911	
0,2717	25,8881	
0,2717	25,8881	
0,2717	25,8881	
0,2699	25,8842	
0,2699	25,8842	
0,2678	25,8787	
0,304	26,0796	
0,304	26,0796	
0,304	26,0796	
0,304	26,0796	
0,304	26,0796	
0,3027	26,0774	
0,3027	26,0774	
0,3027	26,0774	
0,3027	26,0774	
0,3013	26,0744	
0,3013	26,0744	
0,3013	26,0744	
0,2997	26,0703	
0,2997	26,0703	
0,2977	26,0647	
0,3452	26,1807	
0,3452	26,1807	
0,3452	26,1807	
0,3452	26,1807	
0,3452	26,1807	
0,3452	26,1807	
0,3446	26,1787	
0,3446	26,1787	
0,3446	26,1787	
0,3446	26,1787	
0,3446	26,1787	
0,3439	26,1762	
0,3439	26,1762	
0,3439	26,1762	
0,3439	26,1762	
0,3431	26,1727	
0,3431	26,1727	
0,3431	26,1727	
0,342	26,168	
0,342	26,168	
0,3405	26,1622	
0,4059	26,1716	
0,4059	26,1716	
0,4059	26,1716	
0,4059	26,1716	
0,4059	26,1716	
0,4059	26,1716	
0,4054	26,1698	
0,4054	26,1698	
0,4054	26,1698	
0,4054	26,1698	
0,4054	26,1698	
0,4048	26,1673	
0,4048	26,1673	
0,4048	26,1673	
0,4048	26,1673	
0,404	26,1638	
0,404	26,1638	
0,404	26,1638	
0,4029	26,1594	
0,4029	26,1594	
0,4014	26,1536	
0,1579	24,6698	
0,1854	25,1019	
0,1854	25,1019	
0,183	25,0963	
0,2126	25,4666	
0,2126	25,4666	
0,2126	25,4666	
0,2105	25,4622	
0,2105	25,4622	
0,2083	25,4566	
0,2397	25,7633	
0,2397	25,7633	
0,2397	25,7633	
0,2397	25,7633	
0,238	25,76	
0,238	25,76	
0,238	25,76	
0,2361	25,7557	
0,2361	25,7557	
0,2339	25,7497	
0,2674	25,9896	
0,2674	25,9896	
0,2674	25,9896	
0,2674	25,9896	
0,2674	25,9896	
0,2659	25,9872	
0,2659	25,9872	
0,2659	25,9872	
0,2659	25,9872	
0,2644	25,984	
0,2644	25,984	
0,2644	25,984	
0,2626	25,9794	
0,2626	25,9794	
0,2604	25,9732	
0,3056	26,1307	
0,3056	26,1307	
0,3056	26,1307	
0,3056	26,1307	
0,3056	26,1307	
0,3056	26,1307	
0,3044	26,1291	
0,3044	26,1291	
0,3044	26,1291	
0,3044	26,1291	
0,3044	26,1291	
0,3032	26,1268	
0,3032	26,1268	
0,3032	26,1268	
0,3032	26,1268	
0,3016	26,1235	
0,3016	26,1235	
0,3016	26,1235	
0,2998	26,1189	
0,2998	26,1189	
0,2976	26,113	
0,1133	24,4092	
0,1422	24,876	
0,1422	24,876	
0,1396	24,87	
0,1732	25,2732	
0,1732	25,2732	
0,1732	25,2732	
0,1709	25,2685	
0,1709	25,2685	
0,1684	25,2624	
0,2041	25,6025	
0,2041	25,6025	
0,2041	25,6025	
0,2041	25,6025	
0,2021	25,5988	
0,2021	25,5988	
0,2021	25,5988	
0,20	25,5941	
0,20	25,5941	
0,1975	25,5876	
0,2352	25,8619	
0,2352	25,8619	
0,2352	25,8619	
0,2352	25,8619	
0,2352	25,8619	
0,2336	25,8593	
0,2336	25,8593	
0,2336	25,8593	
0,2336	25,8593	
0,2319	25,8557	
0,2319	25,8557	
0,2319	25,8557	
0,2298	25,8507	
0,2298	25,8507	
0,2274	25,844	
