0,0784	20,3533	
0,1053	21,0448	
0,1029	21,1383	
0,1029	21,1383	
0,1025	21,137	
0,0968	20,9902	
0,1333	21,6745	
0,1312	21,7823	
0,1312	21,7823	
0,1307	21,7808	
0,1301	21,8603	
0,1301	21,8603	
0,1301	21,8603	
0,1298	21,8593	
0,1298	21,8593	
0,1294	21,8579	
0,124	21,6139	
0,123	21,7331	
0,123	21,7331	
0,1225	21,7315	
0,1131	21,5434	
0,1618	22,2395	
0,1602	22,362	
0,1602	22,362	
0,1596	22,3603	
0,1595	22,4508	
0,1595	22,4508	
0,1595	22,4508	
0,1591	22,4496	
0,1591	22,4496	
0,1586	22,448	
0,1601	22,5062	
0,1601	22,5062	
0,1601	22,5062	
0,1601	22,5062	
0,1598	22,5053	
0,1598	22,5053	
0,1598	22,5053	
0,1595	22,5041	
0,1595	22,5041	
0,1591	22,5025	
0,1516	22,1731	
0,1513	22,3084	
0,1513	22,3084	
0,1507	22,3066	
0,1518	22,4093	
0,1518	22,4093	
0,1518	22,4093	
0,1513	22,408	
0,1513	22,408	
0,1508	22,4063	
0,1398	22,0968	
0,1409	22,2458	
0,1409	22,2458	
0,1402	22,2438	
0,1255	22,0066	
0,1901	22,7385	
0,1891	22,8757	
0,1891	22,8757	
0,1885	22,8738	
0,189	22,9755	
0,189	22,9755	
0,189	22,9755	
0,1885	22,9741	
0,1885	22,9741	
0,188	22,9723	
0,1901	23,0375	
0,1901	23,0375	
0,1901	23,0375	
0,1901	23,0375	
0,1897	23,0365	
0,1897	23,0365	
0,1897	23,0365	
0,1893	23,0352	
0,1893	23,0352	
0,1889	23,0335	
0,1929	23,0583	
0,1929	23,0583	
0,1929	23,0583	
0,1929	23,0583	
0,1929	23,0583	
0,1926	23,0576	
0,1926	23,0576	
0,1926	23,0576	
0,1926	23,0576	
0,1923	23,0567	
0,1923	23,0567	
0,1923	23,0567	
0,192	23,0554	
0,192	23,0554	
0,1916	23,0536	
0,179	22,6667	
0,1796	22,8181	
0,1796	22,8181	
0,1789	22,816	
0,1808	22,9313	
0,1808	22,9313	
0,1808	22,9313	
0,1803	22,9298	
0,1803	22,9298	
0,1797	22,9279	
0,1832	23,0073	
0,1832	23,0073	
0,1832	23,0073	
0,1832	23,0073	
0,1828	23,0062	
0,1828	23,0062	
0,1828	23,0062	
0,1823	23,0048	
0,1823	23,0048	
0,1818	23,0028	
0,1662	22,585	
0,1684	22,7514	
0,1684	22,7514	
0,1676	22,7492	
0,1711	22,8787	
0,1711	22,8787	
0,1711	22,8787	
0,1705	22,877	
0,1705	22,877	
0,1698	22,875	
0,1506	22,4884	
0,1548	22,6713	
0,1548	22,6713	
0,154	22,6689	
0,1362	22,3795	
0,2176	23,1725	
0,2174	23,324	
0,2174	23,324	
0,2167	23,3219	
0,2179	23,4343	
0,2179	23,4343	
0,2179	23,4343	
0,2174	23,4328	
0,2174	23,4328	
0,2168	23,4308	
0,2196	23,503	
0,2196	23,503	
0,2196	23,503	
0,2196	23,503	
0,2192	23,5019	
0,2192	23,5019	
0,2192	23,5019	
0,2187	23,5004	
0,2187	23,5004	
0,2182	23,4984	
0,2229	23,5257	
0,2229	23,5257	
0,2229	23,5257	
0,2229	23,5257	
0,2229	23,5257	
0,2226	23,5249	
0,2226	23,5249	
0,2226	23,5249	
0,2226	23,5249	
0,2222	23,5239	
0,2222	23,5239	
0,2222	23,5239	
0,2218	23,5224	
0,2218	23,5224	
0,2213	23,5205	
0,2286	23,493	
0,2286	23,493	
0,2286	23,493	
0,2286	23,493	
0,2286	23,493	
0,2286	23,493	
0,2283	23,4925	
0,2283	23,4925	
0,2283	23,4925	
0,2283	23,4925	
0,2283	23,4925	
0,2281	23,4917	
0,2281	23,4917	
0,2281	23,4917	
0,2281	23,4917	
0,2278	23,4907	
0,2278	23,4907	
0,2278	23,4907	
0,2274	23,4893	
0,2274	23,4893	
0,227	23,4874	
0,2056	23,0955	
0,2072	23,2625	
0,2072	23,2625	
0,2064	23,2602	
0,2093	23,3877	
0,2093	23,3877	
0,2093	23,3877	
0,2087	23,3861	
0,2087	23,3861	
0,208	23,3839	
0,2125	23,4718	
0,2125	23,4718	
0,2125	23,4718	
0,2125	23,4718	
0,212	23,4706	
0,212	23,4706	
0,212	23,4706	
0,2115	23,469	
0,2115	23,469	
0,2109	23,4669	
0,2173	23,5117	
0,2173	23,5117	
0,2173	23,5117	
0,2173	23,5117	
0,2173	23,5117	
0,2169	23,5108	
0,2169	23,5108	
0,2169	23,5108	
0,2169	23,5108	
0,2165	23,5097	
0,2165	23,5097	
0,2165	23,5097	
0,216	23,5081	
0,216	23,5081	
0,2155	23,506	
0,1917	23,0088	
0,1952	23,1919	
0,1952	23,1919	
0,1943	23,1895	
0,199	23,3325	
0,199	23,3325	
0,199	23,3325	
0,1983	23,3307	
0,1983	23,3307	
0,1976	23,3284	
0,2037	23,4319	
0,2037	23,4319	
0,2037	23,4319	
0,2037	23,4319	
0,2031	23,4306	
0,2031	23,4306	
0,2031	23,4306	
0,2025	23,4289	
0,2025	23,4289	
0,2019	23,4266	
0,1749	22,9063	
0,1806	23,1073	
0,1806	23,1073	
0,1796	23,1047	
0,1863	23,2646	
0,1863	23,2646	
0,1863	23,2646	
0,1855	23,2626	
0,1855	23,2626	
0,1847	23,2601	
0,1558	22,7922	
0,1643	23,0114	
0,1643	23,0114	
0,164	23,0078	
0,1427	22,6622	
0,2438	23,5437	
0,2445	23,7086	
0,2445	23,7086	
0,2437	23,7063	
0,2458	23,829	
0,2458	23,829	
0,2458	23,829	
0,2452	23,8273	
0,2452	23,8273	
0,2445	23,8251	
0,2481	23,9039	
0,2481	23,9039	
0,2481	23,9039	
0,2481	23,9039	
0,2476	23,9027	
0,2476	23,9027	
0,2476	23,9027	
0,2471	23,9011	
0,2471	23,9011	
0,2465	23,8989	
0,2518	23,9285	
0,2518	23,9285	
0,2518	23,9285	
0,2518	23,9285	
0,2518	23,9285	
0,2515	23,9276	
0,2515	23,9276	
0,2515	23,9276	
0,2515	23,9276	
0,2511	23,9265	
0,2511	23,9265	
0,2511	23,9265	
0,2506	23,9249	
0,2506	23,9249	
0,2501	23,9227	
0,2578	23,8921	
0,2578	23,8921	
0,2578	23,8921	
0,2578	23,8921	
0,2578	23,8921	
0,2578	23,8921	
0,2576	23,8915	
0,2576	23,8915	
0,2576	23,8915	
0,2576	23,8915	
0,2576	23,8915	
0,2572	23,8907	
0,2572	23,8907	
0,2572	23,8907	
0,2572	23,8907	
0,2569	23,8896	
0,2569	23,8896	
0,2569	23,8896	
0,2565	23,888	
0,2565	23,888	
0,256	23,886	
0,2668	23,7769	
0,2668	23,7769	
0,2668	23,7769	
0,2668	23,7769	
0,2668	23,7769	
0,2668	23,7769	
0,2666	23,7763	
0,2666	23,7763	
0,2666	23,7763	
0,2666	23,7763	
0,2666	23,7763	
0,2663	23,7756	
0,2663	23,7756	
0,2663	23,7756	
0,2663	23,7756	
0,266	23,7745	
0,266	23,7745	
0,266	23,7745	
0,2657	23,773	
0,2657	23,773	
0,2652	23,771	
0,2307	23,4619	
0,2335	23,6435	
0,2335	23,6435	
0,2326	23,6411	
0,2367	23,7801	
0,2367	23,7801	
0,2367	23,7801	
0,236	23,7783	
0,236	23,7783	
0,2352	23,776	
0,2407	23,8718	
0,2407	23,8718	
0,2407	23,8718	
0,2407	23,8718	
0,2402	23,8705	
0,2402	23,8705	
0,2402	23,8705	
0,2396	23,8688	
0,2396	23,8688	
0,2389	23,8665	
0,2463	23,9153	
0,2463	23,9153	
0,2463	23,9153	
0,2463	23,9153	
0,2463	23,9153	
0,2458	23,9144	
0,2458	23,9144	
0,2458	23,9144	
0,2458	23,9144	
0,2454	23,9131	
0,2454	23,9131	
0,2454	23,9131	
0,2449	23,9114	
0,2449	23,9114	
0,2443	23,909	
0,2543	23,902	
0,2543	23,902	
0,2543	23,902	
0,2543	23,902	
0,2543	23,902	
0,2543	23,902	
0,254	23,9014	
0,254	23,9014	
0,254	23,9014	
0,254	23,9014	
0,254	23,9014	
0,2536	23,9005	
0,2536	23,9005	
0,2536	23,9005	
0,2536	23,9005	
0,2532	23,8993	
0,2532	23,8993	
0,2532	23,8993	
0,2527	23,8975	
0,2527	23,8975	
0,2522	23,8953	
0,2158	23,3705	
0,2207	23,5694	
0,2207	23,5694	
0,2198	23,5668	
0,2258	23,7225	
0,2258	23,7225	
0,2258	23,7225	
0,225	23,7206	
0,225	23,7206	
0,2242	23,7181	
0,2316	23,8309	
0,2316	23,8309	
0,2316	23,8309	
0,2316	23,8309	
0,2309	23,8295	
0,2309	23,8295	
0,2309	23,8295	
0,2303	23,8277	
0,2303	23,8277	
0,2295	23,8251	
0,2388	23,8925	
0,2388	23,8925	
0,2388	23,8925	
0,2388	23,8925	
0,2388	23,8925	
0,2383	23,8915	
0,2383	23,8915	
0,2383	23,8915	
0,2383	23,8915	
0,2377	23,8902	
0,2377	23,8902	
0,2377	23,8902	
0,2371	23,8883	
0,2371	23,8883	
0,2364	23,8857	
0,1978	23,2626	
0,2051	23,4805	
0,2051	23,4805	
0,204	23,4777	
0,2123	23,6516	
0,2123	23,6516	
0,2123	23,6516	
0,2114	23,6495	
0,2114	23,6495	
0,2105	23,6468	
0,2199	23,7777	
0,2199	23,7777	
0,2199	23,7777	
0,2199	23,7777	
0,2192	23,7762	
0,2192	23,7762	
0,2192	23,7762	
0,2185	23,7741	
0,2185	23,7741	
0,2176	23,7714	
0,1771	23,1412	
0,187	23,3792	
0,187	23,3792	
0,1858	23,3762	
0,1965	23,5691	
0,1965	23,5691	
0,1965	23,5691	
0,1955	23,5668	
0,1955	23,5668	
0,1944	23,5638	
0,1593	23,0054	
0,1717	23,264	
0,1717	23,264	
0,1713	23,2598	
0,1428	22,8411	
0,2682	23,8554	
0,27	24,0325	
0,27	24,0325	
0,2692	24,0301	
0,2722	24,1621	
0,2722	24,1621	
0,2722	24,1621	
0,2715	24,1602	
0,2715	24,1602	
0,2708	24,1579	
0,2751	24,2427	
0,2751	24,2427	
0,2751	24,2427	
0,2751	24,2427	
0,2745	24,2414	
0,2745	24,2414	
0,2745	24,2414	
0,274	24,2397	
0,274	24,2397	
0,2733	24,2374	
0,2793	24,2689	
0,2793	24,2689	
0,2793	24,2689	
0,2793	24,2689	
0,2793	24,2689	
0,2789	24,268	
0,2789	24,268	
0,2789	24,268	
0,2789	24,268	
0,2785	24,2668	
0,2785	24,2668	
0,2785	24,2668	
0,2779	24,2651	
0,2779	24,2651	
0,2774	24,2627	
0,2856	24,2292	
0,2856	24,2292	
0,2856	24,2292	
0,2856	24,2292	
0,2856	24,2292	
0,2856	24,2292	
0,2852	24,2286	
0,2852	24,2286	
0,2852	24,2286	
0,2852	24,2286	
0,2852	24,2286	
0,2849	24,2278	
0,2849	24,2278	
0,2849	24,2278	
0,2849	24,2278	
0,2845	24,2265	
0,2845	24,2265	
0,2845	24,2265	
0,2841	24,2248	
0,2841	24,2248	
0,2835	24,2226	
0,2944	24,1043	
0,2944	24,1043	
0,2944	24,1043	
0,2944	24,1043	
0,2944	24,1043	
0,2944	24,1043	
0,2942	24,1037	
0,2942	24,1037	
0,2942	24,1037	
0,2942	24,1037	
0,2942	24,1037	
0,2939	24,1029	
0,2939	24,1029	
0,2939	24,1029	
0,2939	24,1029	
0,2935	24,1017	
0,2935	24,1017	
0,2935	24,1017	
0,2932	24,1001	
0,2932	24,1001	
0,2927	24,0979	
0,3073	23,8672	
0,3073	23,8672	
0,3073	23,8672	
0,3073	23,8672	
0,3073	23,8672	
0,3073	23,8672	
0,307	23,8667	
0,307	23,8667	
0,307	23,8667	
0,307	23,8667	
0,307	23,8667	
0,3068	23,8659	
0,3068	23,8659	
0,3068	23,8659	
0,3068	23,8659	
0,3065	23,8648	
0,3065	23,8648	
0,3065	23,8648	
0,3062	23,8633	
0,3062	23,8633	
0,3057	23,8612	
0,2543	23,7692	
0,2583	23,9641	
0,2583	23,9641	
0,2574	23,9615	
0,2626	24,111	
0,2626	24,111	
0,2626	24,111	
0,2618	24,1091	
0,2618	24,1091	
0,261	24,1066	
0,2675	24,2098	
0,2675	24,2098	
0,2675	24,2098	
0,2675	24,2098	
0,2669	24,2084	
0,2669	24,2084	
0,2669	24,2084	
0,2662	24,2066	
0,2662	24,2066	
0,2655	24,204	
0,2738	24,2565	
0,2738	24,2565	
0,2738	24,2565	
0,2738	24,2565	
0,2738	24,2565	
0,2733	24,2555	
0,2733	24,2555	
0,2733	24,2555	
0,2733	24,2555	
0,2728	24,2542	
0,2728	24,2542	
0,2728	24,2542	
0,2723	24,2523	
0,2723	24,2523	
0,2716	24,2498	
0,2824	24,2417	
0,2824	24,2417	
0,2824	24,2417	
0,2824	24,2417	
0,2824	24,2417	
0,2824	24,2417	
0,282	24,2411	
0,282	24,2411	
0,282	24,2411	
0,282	24,2411	
0,282	24,2411	
0,2817	24,2401	
0,2817	24,2401	
0,2817	24,2401	
0,2817	24,2401	
0,2812	24,2388	
0,2812	24,2388	
0,2812	24,2388	
0,2807	24,2369	
0,2807	24,2369	
0,2801	24,2345	
0,2942	24,1489	
0,2942	24,1489	
0,2942	24,1489	
0,2942	24,1489	
0,2942	24,1489	
0,2942	24,1489	
0,2939	24,1483	
0,2939	24,1483	
0,2939	24,1483	
0,2939	24,1483	
0,2939	24,1483	
0,2936	24,1474	
0,2936	24,1474	
0,2936	24,1474	
0,2936	24,1474	
0,2932	24,1461	
0,2932	24,1461	
0,2932	24,1461	
0,2927	24,1443	
0,2927	24,1443	
0,2921	24,1419	
0,2384	23,6736	
0,2447	23,8868	
0,2447	23,8868	
0,2437	23,8839	
0,2511	24,0513	
0,2511	24,0513	
0,2511	24,0513	
0,2503	24,0492	
0,2503	24,0492	
0,2493	24,0465	
0,258	24,168	
0,258	24,168	
0,258	24,168	
0,258	24,168	
0,2573	24,1664	
0,2573	24,1664	
0,2573	24,1664	
0,2566	24,1644	
0,2566	24,1644	
0,2558	24,1617	
0,2662	24,2342	
0,2662	24,2342	
0,2662	24,2342	
0,2662	24,2342	
0,2662	24,2342	
0,2657	24,2331	
0,2657	24,2331	
0,2657	24,2331	
0,2657	24,2331	
0,2651	24,2316	
0,2651	24,2316	
0,2651	24,2316	
0,2644	24,2296	
0,2644	24,2296	
0,2636	24,2268	
0,2767	24,2426	
0,2767	24,2426	
0,2767	24,2426	
0,2767	24,2426	
0,2767	24,2426	
0,2767	24,2426	
0,2763	24,2418	
0,2763	24,2418	
0,2763	24,2418	
0,2763	24,2418	
0,2763	24,2418	
0,2759	24,2408	
0,2759	24,2408	
0,2759	24,2408	
0,2759	24,2408	
0,2753	24,2393	
0,2753	24,2393	
0,2753	24,2393	
0,2747	24,2373	
0,2747	24,2373	
0,2741	24,2347	
0,2192	23,5608	
0,2281	23,7941	
0,2281	23,7941	
0,227	23,791	
0,2369	23,9778	
0,2369	23,9778	
0,2369	23,9778	
0,2359	23,9755	
0,2359	23,9755	
0,2349	23,9725	
0,2458	24,1134	
0,2458	24,1134	
0,2458	24,1134	
0,2458	24,1134	
0,2451	24,1117	
0,2451	24,1117	
0,2451	24,1117	
0,2442	24,1095	
0,2442	24,1095	
0,2433	24,1065	
0,2559	24,1996	
0,2559	24,1996	
0,2559	24,1996	
0,2559	24,1996	
0,2559	24,1996	
0,2553	24,1984	
0,2553	24,1984	
0,2553	24,1984	
0,2553	24,1984	
0,2546	24,1968	
0,2546	24,1968	
0,2546	24,1968	
0,2539	24,1946	
0,2539	24,1946	
0,253	24,1916	
0,1969	23,4328	
0,2087	23,6875	
0,2087	23,6875	
0,2074	23,6842	
0,2199	23,8913	
0,2199	23,8913	
0,2199	23,8913	
0,2188	23,8888	
0,2188	23,8888	
0,2177	23,8856	
0,2311	24,0464	
0,2311	24,0464	
0,2311	24,0464	
0,2311	24,0464	
0,2302	24,0446	
0,2302	24,0446	
0,2302	24,0446	
0,2293	24,0422	
0,2293	24,0422	
0,2282	24,0389	
0,1746	23,2921	
0,189	23,5689	
0,189	23,5689	
0,1885	23,5644	
0,2023	23,7935	
0,2023	23,7935	
0,2023	23,7935	
0,2019	23,79	
0,2019	23,79	
0,2014	23,7858	
0,1568	23,1195	
0,1729	23,4216	
0,1729	23,4216	
0,1723	23,4167	
0,1366	22,9257	
0,291	24,1109	
0,2939	24,2987	
0,2939	24,2987	
0,293	24,2961	
0,2969	24,4363	
0,2969	24,4363	
0,2969	24,4363	
0,2962	24,4344	
0,2962	24,4344	
0,2954	24,4319	
0,3005	24,522	
0,3005	24,522	
0,3005	24,522	
0,3005	24,522	
0,30	24,5206	
0,30	24,5206	
0,30	24,5206	
0,2993	24,5188	
0,2993	24,5188	
0,2986	24,5163	
0,3052	24,5497	
0,3052	24,5497	
0,3052	24,5497	
0,3052	24,5497	
0,3052	24,5497	
0,3047	24,5487	
0,3047	24,5487	
0,3047	24,5487	
0,3047	24,5487	
0,3043	24,5474	
0,3043	24,5474	
0,3043	24,5474	
0,3037	24,5456	
0,3037	24,5456	
0,3031	24,5431	
0,3116	24,507	
0,3116	24,507	
0,3116	24,507	
0,3116	24,507	
0,3116	24,507	
0,3116	24,507	
0,3112	24,5064	
0,3112	24,5064	
0,3112	24,5064	
0,3112	24,5064	
0,3112	24,5064	
0,3109	24,5054	
0,3109	24,5054	
0,3109	24,5054	
0,3109	24,5054	
0,3105	24,5041	
0,3105	24,5041	
0,3105	24,5041	
0,31	24,5023	
0,31	24,5023	
0,3094	24,50	
0,3203	24,3735	
0,3203	24,3735	
0,3203	24,3735	
0,3203	24,3735	
0,3203	24,3735	
0,3203	24,3735	
0,32	24,3729	
0,32	24,3729	
0,32	24,3729	
0,32	24,3729	
0,32	24,3729	
0,3197	24,372	
0,3197	24,372	
0,3197	24,372	
0,3197	24,372	
0,3193	24,3707	
0,3193	24,3707	
0,3193	24,3707	
0,3189	24,369	
0,3189	24,369	
0,3184	24,3667	
0,3324	24,121	
0,3324	24,121	
0,3324	24,121	
0,3324	24,121	
0,3324	24,121	
0,3324	24,121	
0,3322	24,1205	
0,3322	24,1205	
0,3322	24,1205	
0,3322	24,1205	
0,3322	24,1205	
0,3319	24,1196	
0,3319	24,1196	
0,3319	24,1196	
0,3319	24,1196	
0,3316	24,1184	
0,3316	24,1184	
0,3316	24,1184	
0,3312	24,1168	
0,3312	24,1168	
0,3307	24,1147	
0,3485	23,7136	
0,3485	23,7136	
0,3485	23,7136	
0,3485	23,7136	
0,3485	23,7136	
0,3485	23,7136	
0,3483	23,713	
0,3483	23,713	
0,3483	23,713	
0,3483	23,713	
0,3483	23,713	
0,3481	23,7123	
0,3481	23,7123	
0,3481	23,7123	
0,3481	23,7123	
0,3479	23,7112	
0,3479	23,7112	
0,3479	23,7112	
0,3475	23,7098	
0,3475	23,7098	
0,3471	23,7078	
0,2762	24,0209	
0,2815	24,2274	
0,2815	24,2274	
0,2805	24,2246	
0,2869	24,3834	
0,2869	24,3834	
0,2869	24,3834	
0,286	24,3813	
0,286	24,3813	
0,2851	24,3786	
0,2927	24,4884	
0,2927	24,4884	
0,2927	24,4884	
0,2927	24,4884	
0,2921	24,4869	
0,2921	24,4869	
0,2921	24,4869	
0,2914	24,4849	
0,2914	24,4849	
0,2906	24,4822	
0,2998	24,5379	
0,2998	24,5379	
0,2998	24,5379	
0,2998	24,5379	
0,2998	24,5379	
0,2992	24,5368	
0,2992	24,5368	
0,2992	24,5368	
0,2992	24,5368	
0,2987	24,5354	
0,2987	24,5354	
0,2987	24,5354	
0,2981	24,5334	
0,2981	24,5334	
0,2973	24,5307	
0,3089	24,5218	
0,3089	24,5218	
0,3089	24,5218	
0,3089	24,5218	
0,3089	24,5218	
0,3089	24,5218	
0,3085	24,5211	
0,3085	24,5211	
0,3085	24,5211	
0,3085	24,5211	
0,3085	24,5211	
0,308	24,5201	
0,308	24,5201	
0,308	24,5201	
0,308	24,5201	
0,3075	24,5187	
0,3075	24,5187	
0,3075	24,5187	
0,307	24,5167	
0,307	24,5167	
0,3063	24,5142	
0,3208	24,4225	
0,3208	24,4225	
0,3208	24,4225	
0,3208	24,4225	
0,3208	24,4225	
0,3208	24,4225	
0,3205	24,4218	
0,3205	24,4218	
0,3205	24,4218	
0,3205	24,4218	
0,3205	24,4218	
0,3202	24,4208	
0,3202	24,4208	
0,3202	24,4208	
0,3202	24,4208	
0,3197	24,4195	
0,3197	24,4195	
0,3197	24,4195	
0,3192	24,4176	
0,3192	24,4176	
0,3186	24,4151	
0,3374	24,2148	
0,3374	24,2148	
0,3374	24,2148	
0,3374	24,2148	
0,3374	24,2148	
0,3374	24,2148	
0,3371	24,2141	
0,3371	24,2141	
0,3371	24,2141	
0,3371	24,2141	
0,3371	24,2141	
0,3368	24,2132	
0,3368	24,2132	
0,3368	24,2132	
0,3368	24,2132	
0,3364	24,2119	
0,3364	24,2119	
0,3364	24,2119	
0,336	24,2101	
0,336	24,2101	
0,3354	24,2077	
0,2593	23,9215	
0,2672	24,1472	
0,2672	24,1472	
0,266	24,1442	
0,2749	24,3217	
0,2749	24,3217	
0,2749	24,3217	
0,2739	24,3195	
0,2739	24,3195	
0,2729	24,3166	
0,2829	24,4457	
0,2829	24,4457	
0,2829	24,4457	
0,2829	24,4457	
0,2822	24,444	
0,2822	24,444	
0,2822	24,444	
0,2814	24,4419	
0,2814	24,4419	
0,2805	24,439	
0,2921	24,5159	
0,2921	24,5159	
0,2921	24,5159	
0,2921	24,5159	
0,2921	24,5159	
0,2915	24,5148	
0,2915	24,5148	
0,2915	24,5148	
0,2915	24,5148	
0,2908	24,5132	
0,2908	24,5132	
0,2908	24,5132	
0,2901	24,5111	
0,2901	24,5111	
0,2893	24,5081	
0,3034	24,5245	
0,3034	24,5245	
0,3034	24,5245	
0,3034	24,5245	
0,3034	24,5245	
0,3034	24,5245	
0,3029	24,5237	
0,3029	24,5237	
0,3029	24,5237	
0,3029	24,5237	
0,3029	24,5237	
0,3024	24,5226	
0,3024	24,5226	
0,3024	24,5226	
0,3024	24,5226	
0,3019	24,5211	
0,3019	24,5211	
0,3019	24,5211	
0,3012	24,5189	
0,3012	24,5189	
0,3005	24,5161	
0,3179	24,4562	
0,3179	24,4562	
0,3179	24,4562	
0,3179	24,4562	
0,3179	24,4562	
0,3179	24,4562	
0,3175	24,4555	
0,3175	24,4555	
0,3175	24,4555	
0,3175	24,4555	
0,3175	24,4555	
0,3171	24,4544	
0,3171	24,4544	
0,3171	24,4544	
0,3171	24,4544	
0,3166	24,4528	
0,3166	24,4528	
0,3166	24,4528	
0,316	24,4508	
0,316	24,4508	
0,3153	24,448	
0,239	23,8045	
0,2497	24,0511	
0,2497	24,0511	
0,2484	24,0479	
0,2599	24,2458	
0,2599	24,2458	
0,2599	24,2458	
0,2588	24,2434	
0,2588	24,2434	
0,2577	24,2403	
0,2702	24,3898	
0,2702	24,3898	
0,2702	24,3898	
0,2702	24,3898	
0,2694	24,388	
0,2694	24,388	
0,2694	24,388	
0,2685	24,3857	
0,2685	24,3857	
0,2675	24,3825	
0,2815	24,4814	
0,2815	24,4814	
0,2815	24,4814	
0,2815	24,4814	
0,2815	24,4814	
0,2808	24,4801	
0,2808	24,4801	
0,2808	24,4801	
0,2808	24,4801	
0,2801	24,4784	
0,2801	24,4784	
0,2801	24,4784	
0,2793	24,4761	
0,2793	24,4761	
0,2783	24,4728	
0,2948	24,5145	
0,2948	24,5145	
0,2948	24,5145	
0,2948	24,5145	
0,2948	24,5145	
0,2948	24,5145	
0,2943	24,5136	
0,2943	24,5136	
0,2943	24,5136	
0,2943	24,5136	
0,2943	24,5136	
0,2938	24,5124	
0,2938	24,5124	
0,2938	24,5124	
0,2938	24,5124	
0,2931	24,5107	
0,2931	24,5107	
0,2931	24,5107	
0,2924	24,5083	
0,2924	24,5083	
0,2915	24,5053	
0,2153	23,6709	
0,229	23,94	
0,229	23,94	
0,2275	23,9365	
0,2419	24,156	
0,2419	24,156	
0,2419	24,156	
0,2408	24,1533	
0,2408	24,1533	
0,2395	24,15	
0,2547	24,3207	
0,2547	24,3207	
0,2547	24,3207	
0,2547	24,3207	
0,2538	24,3188	
0,2538	24,3188	
0,2538	24,3188	
0,2528	24,3163	
0,2528	24,3163	
0,2516	24,3128	
0,2681	24,4337	
0,2681	24,4337	
0,2681	24,4337	
0,2681	24,4337	
0,2681	24,4337	
0,2674	24,4324	
0,2674	24,4324	
0,2674	24,4324	
0,2674	24,4324	
0,2666	24,4305	
0,2666	24,4305	
0,2666	24,4305	
0,2656	24,4279	
0,2656	24,4279	
0,2645	24,4244	
0,189	23,526	
0,2058	23,818	
0,2058	23,818	
0,2045	23,814	
0,2217	24,0555	
0,2217	24,0555	
0,2217	24,0555	
0,2204	24,0527	
0,2204	24,0527	
0,2191	24,0488	
0,237	24,241	
0,237	24,241	
0,237	24,241	
0,237	24,241	
0,2359	24,2389	
0,2359	24,2389	
0,2359	24,2389	
0,2348	24,2361	
0,2348	24,2361	
0,2334	24,2323	
0,1697	23,3465	
0,1877	23,6656	
0,1877	23,6656	
0,1871	23,6604	
0,2046	23,9287	
0,2046	23,9287	
0,2046	23,9287	
0,2041	23,9246	
0,2041	23,9246	
0,2034	23,9197	
0,1481	23,1445	
0,168	23,4915	
0,168	23,4915	
0,1674	23,4859	
0,1241	22,9155	
0,3124	24,3127	
0,3164	24,5094	
0,3164	24,5094	
0,3154	24,5067	
0,3203	24,6538	
0,3203	24,6538	
0,3203	24,6538	
0,3196	24,6518	
0,3196	24,6518	
0,3187	24,6492	
0,3246	24,7437	
0,3246	24,7437	
0,3246	24,7437	
0,3246	24,7437	
0,324	24,7423	
0,324	24,7423	
0,324	24,7423	
0,3233	24,7404	
0,3233	24,7404	
0,3226	24,7377	
0,3297	24,7726	
0,3297	24,7726	
0,3297	24,7726	
0,3297	24,7726	
0,3297	24,7726	
0,3292	24,7716	
0,3292	24,7716	
0,3292	24,7716	
0,3292	24,7716	
0,3287	24,7702	
0,3287	24,7702	
0,3287	24,7702	
0,3281	24,7683	
0,3281	24,7683	
0,3274	24,7657	
0,3362	24,7274	
0,3362	24,7274	
0,3362	24,7274	
0,3362	24,7274	
0,3362	24,7274	
0,3362	24,7274	
0,3358	24,7267	
0,3358	24,7267	
0,3358	24,7267	
0,3358	24,7267	
0,3358	24,7267	
0,3354	24,7257	
0,3354	24,7257	
0,3354	24,7257	
0,3354	24,7257	
0,3349	24,7244	
0,3349	24,7244	
0,3349	24,7244	
0,3344	24,7225	
0,3344	24,7225	
0,3338	24,72	
0,3445	24,5866	
0,3445	24,5866	
0,3445	24,5866	
0,3445	24,5866	
0,3445	24,5866	
0,3445	24,5866	
0,3442	24,586	
0,3442	24,586	
0,3442	24,586	
0,3442	24,586	
0,3442	24,586	
0,3438	24,585	
0,3438	24,585	
0,3438	24,585	
0,3438	24,585	
0,3434	24,5837	
0,3434	24,5837	
0,3434	24,5837	
0,343	24,5819	
0,343	24,5819	
0,3424	24,5795	
0,3558	24,3213	
0,3558	24,3213	
0,3558	24,3213	
0,3558	24,3213	
0,3558	24,3213	
0,3558	24,3213	
0,3555	24,3207	
0,3555	24,3207	
0,3555	24,3207	
0,3555	24,3207	
0,3555	24,3207	
0,3552	24,3198	
0,3552	24,3198	
0,3552	24,3198	
0,3552	24,3198	
0,3549	24,3186	
0,3549	24,3186	
0,3549	24,3186	
0,3545	24,3169	
0,3545	24,3169	
0,354	24,3146	
0,3704	23,8948	
0,3704	23,8948	
0,3704	23,8948	
0,3704	23,8948	
0,3704	23,8948	
0,3704	23,8948	
0,3702	23,8942	
0,3702	23,8942	
0,3702	23,8942	
0,3702	23,8942	
0,3702	23,8942	
0,37	23,8934	
0,37	23,8934	
0,37	23,8934	
0,37	23,8934	
0,3697	23,8923	
0,3697	23,8923	
0,3697	23,8923	
0,3693	23,8908	
0,3693	23,8908	
0,3689	23,8888	
0,391	23,2664	
0,391	23,2664	
0,391	23,2664	
0,391	23,2664	
0,391	23,2664	
0,391	23,2664	
0,3909	23,2658	
0,3909	23,2658	
0,3909	23,2658	
0,3909	23,2658	
0,3909	23,2658	
0,3908	23,2651	
0,3908	23,2651	
0,3908	23,2651	
0,3908	23,2651	
0,3906	23,2641	
0,3906	23,2641	
0,3906	23,2641	
0,3904	23,2628	
0,3904	23,2628	
0,39	23,261	
0,2967	24,2195	
0,3034	24,4356	
0,3034	24,4356	
0,3023	24,4327	
0,3098	24,5992	
0,3098	24,5992	
0,3098	24,5992	
0,3089	24,5971	
0,3089	24,5971	
0,308	24,5943	
0,3166	24,7095	
0,3166	24,7095	
0,3166	24,7095	
0,3166	24,7095	
0,3159	24,7079	
0,3159	24,7079	
0,3159	24,7079	
0,3151	24,7058	
0,3151	24,7058	
0,3143	24,703	
0,3243	24,7613	
0,3243	24,7613	
0,3243	24,7613	
0,3243	24,7613	
0,3243	24,7613	
0,3237	24,7602	
0,3237	24,7602	
0,3237	24,7602	
0,3237	24,7602	
0,3232	24,7587	
0,3232	24,7587	
0,3232	24,7587	
0,3225	24,7566	
0,3225	24,7566	
0,3217	24,7538	
0,3338	24,7442	
0,3338	24,7442	
0,3338	24,7442	
0,3338	24,7442	
0,3338	24,7442	
0,3338	24,7442	
0,3334	24,7434	
0,3334	24,7434	
0,3334	24,7434	
0,3334	24,7434	
0,3334	24,7434	
0,3329	24,7424	
0,3329	24,7424	
0,3329	24,7424	
0,3329	24,7424	
0,3324	24,7409	
0,3324	24,7409	
0,3324	24,7409	
0,3318	24,7388	
0,3318	24,7388	
0,3311	24,7361	
0,3458	24,6393	
0,3458	24,6393	
0,3458	24,6393	
0,3458	24,6393	
0,3458	24,6393	
0,3458	24,6393	
0,3455	24,6386	
0,3455	24,6386	
0,3455	24,6386	
0,3455	24,6386	
0,3455	24,6386	
0,3451	24,6376	
0,3451	24,6376	
0,3451	24,6376	
0,3451	24,6376	
0,3446	24,6361	
0,3446	24,6361	
0,3446	24,6361	
0,3441	24,6342	
0,3441	24,6342	
0,3434	24,6315	
0,362	24,4207	
0,362	24,4207	
0,362	24,4207	
0,362	24,4207	
0,362	24,4207	
0,362	24,4207	
0,3617	24,42	
0,3617	24,42	
0,3617	24,42	
0,3617	24,42	
0,3617	24,42	
0,3614	24,4191	
0,3614	24,4191	
0,3614	24,4191	
0,3614	24,4191	
0,361	24,4177	
0,361	24,4177	
0,361	24,4177	
0,3605	24,4158	
0,3605	24,4158	
0,3599	24,4133	
0,3832	24,0537	
0,3832	24,0537	
0,3832	24,0537	
0,3832	24,0537	
0,3832	24,0537	
0,3832	24,0537	
0,3829	24,053	
0,3829	24,053	
0,3829	24,053	
0,3829	24,053	
0,3829	24,053	
0,3827	24,0522	
0,3827	24,0522	
0,3827	24,0522	
0,3827	24,0522	
0,3823	24,0509	
0,3823	24,0509	
0,3823	24,0509	
0,3819	24,0492	
0,3819	24,0492	
0,3813	24,0469	
0,279	24,1171	
0,2883	24,353	
0,2883	24,353	
0,2871	24,3499	
0,2973	24,536	
0,2973	24,536	
0,2973	24,536	
0,2963	24,5336	
0,2963	24,5336	
0,2953	24,5306	
0,3065	24,666	
0,3065	24,666	
0,3065	24,666	
0,3065	24,666	
0,3057	24,6643	
0,3057	24,6643	
0,3057	24,6643	
0,3048	24,662	
0,3048	24,662	
0,3038	24,6589	
0,3165	24,7396	
0,3165	24,7396	
0,3165	24,7396	
0,3165	24,7396	
0,3165	24,7396	
0,3159	24,7384	
0,3159	24,7384	
0,3159	24,7384	
0,3159	24,7384	
0,3152	24,7368	
0,3152	24,7368	
0,3152	24,7368	
0,3144	24,7345	
0,3144	24,7345	
0,3135	24,7314	
0,3285	24,7483	
0,3285	24,7483	
0,3285	24,7483	
0,3285	24,7483	
0,3285	24,7483	
0,3285	24,7483	
0,328	24,7475	
0,328	24,7475	
0,328	24,7475	
0,328	24,7475	
0,328	24,7475	
0,3275	24,7464	
0,3275	24,7464	
0,3275	24,7464	
0,3275	24,7464	
0,3269	24,7447	
0,3269	24,7447	
0,3269	24,7447	
0,3262	24,7425	
0,3262	24,7425	
0,3254	24,7395	
0,3434	24,676	
0,3434	24,676	
0,3434	24,676	
0,3434	24,676	
0,3434	24,676	
0,3434	24,676	
0,343	24,6753	
0,343	24,6753	
0,343	24,6753	
0,343	24,6753	
0,343	24,6753	
0,3426	24,6741	
0,3426	24,6741	
0,3426	24,6741	
0,3426	24,6741	
0,342	24,6725	
0,342	24,6725	
0,342	24,6725	
0,3414	24,6704	
0,3414	24,6704	
0,3406	24,6674	
0,3633	24,4997	
0,3633	24,4997	
0,3633	24,4997	
0,3633	24,4997	
0,3633	24,4997	
0,3633	24,4997	
0,3629	24,4989	
0,3629	24,4989	
0,3629	24,4989	
0,3629	24,4989	
0,3629	24,4989	
0,3625	24,4978	
0,3625	24,4978	
0,3625	24,4978	
0,3625	24,4978	
0,3621	24,4964	
0,3621	24,4964	
0,3621	24,4964	
0,3615	24,4943	
0,3615	24,4943	
0,3608	24,4915	
0,2577	23,9966	
0,27	24,2543	
0,27	24,2543	
0,2686	24,2509	
0,2817	24,4581	
0,2817	24,4581	
0,2817	24,4581	
0,2806	24,4556	
0,2806	24,4556	
0,2794	24,4523	
0,2933	24,6091	
0,2933	24,6091	
0,2933	24,6091	
0,2933	24,6091	
0,2924	24,6072	
0,2924	24,6072	
0,2924	24,6072	
0,2915	24,6048	
0,2915	24,6048	
0,2904	24,6015	
0,3057	24,7052	
0,3057	24,7052	
0,3057	24,7052	
0,3057	24,7052	
0,3057	24,7052	
0,305	24,7038	
0,305	24,7038	
0,305	24,7038	
0,305	24,7038	
0,3043	24,702	
0,3043	24,702	
0,3043	24,702	
0,3034	24,6996	
0,3034	24,6996	
0,3023	24,6962	
0,32	24,7396	
0,32	24,7396	
0,32	24,7396	
0,32	24,7396	
0,32	24,7396	
0,32	24,7396	
0,3195	24,7387	
0,3195	24,7387	
0,3195	24,7387	
0,3195	24,7387	
0,3195	24,7387	
0,3189	24,7375	
0,3189	24,7375	
0,3189	24,7375	
0,3189	24,7375	
0,3182	24,7357	
0,3182	24,7357	
0,3182	24,7357	
0,3174	24,7332	
0,3174	24,7332	
0,3164	24,7299	
0,3373	24,6991	
0,3373	24,6991	
0,3373	24,6991	
0,3373	24,6991	
0,3373	24,6991	
0,3373	24,6991	
0,3368	24,6982	
0,3368	24,6982	
0,3368	24,6982	
0,3368	24,6982	
0,3368	24,6982	
0,3363	24,697	
0,3363	24,697	
0,3363	24,697	
0,3363	24,697	
0,3357	24,6952	
0,3357	24,6952	
0,3357	24,6952	
0,335	24,6928	
0,335	24,6928	
0,334	24,6896	
0,2327	23,8584	
0,2482	24,1394	
0,2482	24,1394	
0,2466	24,1358	
0,2628	24,3655	
0,2628	24,3655	
0,2628	24,3655	
0,2616	24,3627	
0,2616	24,3627	
0,2602	24,3592	
0,2771	24,5383	
0,2771	24,5383	
0,2771	24,5383	
0,2771	24,5383	
0,2761	24,5363	
0,2761	24,5363	
0,2761	24,5363	
0,275	24,5336	
0,275	24,5336	
0,2738	24,53	
0,2919	24,657	
0,2919	24,657	
0,2919	24,657	
0,2919	24,657	
0,2919	24,657	
0,2911	24,6555	
0,2911	24,6555	
0,2911	24,6555	
0,2911	24,6555	
0,2902	24,6536	
0,2902	24,6536	
0,2902	24,6536	
0,2892	24,6509	
0,2892	24,6509	
0,288	24,6472	
0,3083	24,7167	
0,3083	24,7167	
0,3083	24,7167	
0,3083	24,7167	
0,3083	24,7167	
0,3083	24,7167	
0,3077	24,7157	
0,3077	24,7157	
0,3077	24,7157	
0,3077	24,7157	
0,3077	24,7157	
0,307	24,7143	
0,307	24,7143	
0,307	24,7143	
0,307	24,7143	
0,3062	24,7123	
0,3062	24,7123	
0,3062	24,7123	
0,3053	24,7096	
0,3053	24,7096	
0,3042	24,706	
0,205	23,7081	
0,2237	24,013	
0,2237	24,013	
0,222	24,009	
0,2414	24,2616	
0,2414	24,2616	
0,2414	24,2616	
0,24	24,2587	
0,24	24,2587	
0,2385	24,2548	
0,2585	24,4563	
0,2585	24,4563	
0,2585	24,4563	
0,2585	24,4563	
0,2573	24,4541	
0,2573	24,4541	
0,2573	24,4541	
0,2561	24,4512	
0,2561	24,4512	
0,2547	24,4472	
0,2756	24,597	
0,2756	24,597	
0,2756	24,597	
0,2756	24,597	
0,2756	24,597	
0,2747	24,5954	
0,2747	24,5954	
0,2747	24,5954	
0,2747	24,5954	
0,2737	24,5933	
0,2737	24,5933	
0,2737	24,5933	
0,2726	24,5903	
0,2726	24,5903	
0,2712	24,5863	
0,1818	23,5255	
0,2017	23,8586	
0,2017	23,8586	
0,201	23,8532	
0,2203	24,1341	
0,2203	24,1341	
0,2203	24,1341	
0,2197	24,1299	
0,2197	24,1299	
0,2191	24,1247	
0,2377	24,3547	
0,2377	24,3547	
0,2377	24,3547	
0,2377	24,3547	
0,2373	24,3515	
0,2373	24,3515	
0,2373	24,3515	
0,2367	24,3475	
0,2367	24,3475	
0,236	24,3423	
0,159	23,3168	
0,1808	23,6789	
0,1808	23,6789	
0,1801	23,673	
0,2013	23,9818	
0,2013	23,9818	
0,2013	23,9818	
0,2007	23,9772	
0,2007	23,9772	
0,20	23,9715	
0,1336	23,0832	
0,1573	23,4757	
0,1573	23,4757	
0,1565	23,4693	
0,1165	22,7886	
0,3331	24,4615	
0,3381	24,665	
0,3381	24,665	
0,3371	24,6622	
0,343	24,8146	
0,343	24,8146	
0,343	24,8146	
0,3422	24,8125	
0,3422	24,8125	
0,3413	24,8098	
0,3479	24,9078	
0,3479	24,9078	
0,3479	24,9078	
0,3479	24,9078	
0,3473	24,9063	
0,3473	24,9063	
0,3473	24,9063	
0,3465	24,9043	
0,3465	24,9043	
0,3457	24,9015	
0,3533	24,9376	
0,3533	24,9376	
0,3533	24,9376	
0,3533	24,9376	
0,3533	24,9376	
0,3528	24,9365	
0,3528	24,9365	
0,3528	24,9365	
0,3528	24,9365	
0,3523	24,9351	
0,3523	24,9351	
0,3523	24,9351	
0,3516	24,9331	
0,3516	24,9331	
0,3509	24,9304	
0,3598	24,8903	
0,3598	24,8903	
0,3598	24,8903	
0,3598	24,8903	
0,3598	24,8903	
0,3598	24,8903	
0,3594	24,8896	
0,3594	24,8896	
0,3594	24,8896	
0,3594	24,8896	
0,3594	24,8896	
0,359	24,8886	
0,359	24,8886	
0,359	24,8886	
0,359	24,8886	
0,3585	24,8872	
0,3585	24,8872	
0,3585	24,8872	
0,3579	24,8852	
0,3579	24,8852	
0,3573	24,8827	
0,3677	24,7439	
0,3677	24,7439	
0,3677	24,7439	
0,3677	24,7439	
0,3677	24,7439	
0,3677	24,7439	
0,3673	24,7433	
0,3673	24,7433	
0,3673	24,7433	
0,3673	24,7433	
0,3673	24,7433	
0,367	24,7423	
0,367	24,7423	
0,367	24,7423	
0,367	24,7423	
0,3666	24,7409	
0,3666	24,7409	
0,3666	24,7409	
0,3661	24,7391	
0,3661	24,7391	
0,3655	24,7366	
0,3779	24,4687	
0,3779	24,4687	
0,3779	24,4687	
0,3779	24,4687	
0,3779	24,4687	
0,3779	24,4687	
0,3776	24,4681	
0,3776	24,4681	
0,3776	24,4681	
0,3776	24,4681	
0,3776	24,4681	
0,3773	24,4671	
0,3773	24,4671	
0,3773	24,4671	
0,3773	24,4671	
0,377	24,4659	
0,377	24,4659	
0,377	24,4659	
0,3766	24,4642	
0,3766	24,4642	
0,376	24,4618	
0,3908	24,0275	
0,3908	24,0275	
0,3908	24,0275	
0,3908	24,0275	
0,3908	24,0275	
0,3908	24,0275	
0,3906	24,027	
0,3906	24,027	
0,3906	24,027	
0,3906	24,027	
0,3906	24,027	
0,3904	24,0262	
0,3904	24,0262	
0,3904	24,0262	
0,3904	24,0262	
0,3901	24,025	
0,3901	24,025	
0,3901	24,025	
0,3897	24,0234	
0,3897	24,0234	
0,3892	24,0213	
0,4075	23,3818	
0,4075	23,3818	
0,4075	23,3818	
0,4075	23,3818	
0,4075	23,3818	
0,4075	23,3818	
0,4074	23,3813	
0,4074	23,3813	
0,4074	23,3813	
0,4074	23,3813	
0,4074	23,3813	
0,4073	23,3805	
0,4073	23,3805	
0,4073	23,3805	
0,4073	23,3805	
0,4071	23,3795	
0,4071	23,3795	
0,4071	23,3795	
0,4068	23,3781	
0,4068	23,3781	
0,4065	23,3763	
0,4301	22,5008	
0,4301	22,5008	
0,4301	22,5008	
0,4301	22,5008	
0,4301	22,5008	
0,4301	22,5008	
0,43	22,5004	
0,43	22,5004	
0,43	22,5004	
0,43	22,5004	
0,43	22,5004	
0,4299	22,4998	
0,4299	22,4998	
0,4299	22,4998	
0,4299	22,4998	
0,4298	22,499	
0,4298	22,499	
0,4298	22,499	
0,4296	22,4979	
0,4296	22,4979	
0,4292	22,4963	
0,3166	24,3658	
0,3245	24,5894	
0,3245	24,5894	
0,3234	24,5863	
0,3321	24,7588	
0,3321	24,7588	
0,3321	24,7588	
0,3311	24,7566	
0,3311	24,7566	
0,3301	24,7537	
0,3397	24,8731	
0,3397	24,8731	
0,3397	24,8731	
0,3397	24,8731	
0,339	24,8714	
0,339	24,8714	
0,339	24,8714	
0,3382	24,8693	
0,3382	24,8693	
0,3372	24,8663	
0,348	24,9267	
0,348	24,9267	
0,348	24,9267	
0,348	24,9267	
0,348	24,9267	
0,3474	24,9256	
0,3474	24,9256	
0,3474	24,9256	
0,3474	24,9256	
0,3468	24,924	
0,3468	24,924	
0,3468	24,924	
0,3461	24,9218	
0,3461	24,9218	
0,3452	24,9189	
0,3578	24,9087	
0,3578	24,9087	
0,3578	24,9087	
0,3578	24,9087	
0,3578	24,9087	
0,3578	24,9087	
0,3574	24,9079	
0,3574	24,9079	
0,3574	24,9079	
0,3574	24,9079	
0,3574	24,9079	
0,3569	24,9068	
0,3569	24,9068	
0,3569	24,9068	
0,3569	24,9068	
0,3563	24,9052	
0,3563	24,9052	
0,3563	24,9052	
0,3557	24,9031	
0,3557	24,9031	
0,3549	24,9003	
0,3697	24,7995	
0,3697	24,7995	
0,3697	24,7995	
0,3697	24,7995	
0,3697	24,7995	
0,3697	24,7995	
0,3694	24,7988	
0,3694	24,7988	
0,3694	24,7988	
0,3694	24,7988	
0,3694	24,7988	
0,369	24,7977	
0,369	24,7977	
0,369	24,7977	
0,369	24,7977	
0,3685	24,7962	
0,3685	24,7962	
0,3685	24,7962	
0,3679	24,7942	
0,3679	24,7942	
0,3672	24,7914	
0,3853	24,5725	
0,3853	24,5725	
0,3853	24,5725	
0,3853	24,5725	
0,3853	24,5725	
0,3853	24,5725	
0,385	24,5718	
0,385	24,5718	
0,385	24,5718	
0,385	24,5718	
0,385	24,5718	
0,3847	24,5708	
0,3847	24,5708	
0,3847	24,5708	
0,3847	24,5708	
0,3843	24,5694	
0,3843	24,5694	
0,3843	24,5694	
0,3837	24,5675	
0,3837	24,5675	
0,3831	24,5648	
0,4053	24,1924	
0,4053	24,1924	
0,4053	24,1924	
0,4053	24,1924	
0,4053	24,1924	
0,4053	24,1924	
0,405	24,1918	
0,405	24,1918	
0,405	24,1918	
0,405	24,1918	
0,405	24,1918	
0,4047	24,1909	
0,4047	24,1909	
0,4047	24,1909	
0,4047	24,1909	
0,4044	24,1896	
0,4044	24,1896	
0,4044	24,1896	
0,4039	24,1878	
0,4039	24,1878	
0,4033	24,1854	
0,4295	23,6209	
0,4295	23,6209	
0,4295	23,6209	
0,4295	23,6209	
0,4295	23,6209	
0,4295	23,6209	
0,4293	23,6204	
0,4293	23,6204	
0,4293	23,6204	
0,4293	23,6204	
0,4293	23,6204	
0,4291	23,6196	
0,4291	23,6196	
0,4291	23,6196	
0,4291	23,6196	
0,4288	23,6185	
0,4288	23,6185	
0,4288	23,6185	
0,4284	23,617	
0,4284	23,617	
0,4279	23,615	
0,2981	24,2612	
0,3089	24,505	
0,3089	24,505	
0,3076	24,5018	
0,3191	24,6944	
0,3191	24,6944	
0,3191	24,6944	
0,3181	24,6919	
0,3181	24,6919	
0,3169	24,6888	
0,3293	24,8291	
0,3293	24,8291	
0,3293	24,8291	
0,3293	24,8291	
0,3285	24,8273	
0,3285	24,8273	
0,3285	24,8273	
0,3276	24,825	
0,3276	24,825	
0,3265	24,8218	
0,3402	24,9053	
0,3402	24,9053	
0,3402	24,9053	
0,3402	24,9053	
0,3402	24,9053	
0,3395	24,9041	
0,3395	24,9041	
0,3395	24,9041	
0,3395	24,9041	
0,3388	24,9024	
0,3388	24,9024	
0,3388	24,9024	
0,338	24,90	
0,338	24,90	
0,337	24,8968	
0,3527	24,9141	
0,3527	24,9141	
0,3527	24,9141	
0,3527	24,9141	
0,3527	24,9141	
0,3527	24,9141	
0,3522	24,9132	
0,3522	24,9132	
0,3522	24,9132	
0,3522	24,9132	
0,3522	24,9132	
0,3517	24,912	
0,3517	24,912	
0,3517	24,912	
0,3517	24,912	
0,351	24,9103	
0,351	24,9103	
0,351	24,9103	
0,3503	24,908	
0,3503	24,908	
0,3494	24,9049	
0,3678	24,8386	
0,3678	24,8386	
0,3678	24,8386	
0,3678	24,8386	
0,3678	24,8386	
0,3678	24,8386	
0,3674	24,8378	
0,3674	24,8378	
0,3674	24,8378	
0,3674	24,8378	
0,3674	24,8378	
0,3669	24,8367	
0,3669	24,8367	
0,3669	24,8367	
0,3669	24,8367	
0,3664	24,835	
0,3664	24,835	
0,3664	24,835	
0,3657	24,8328	
0,3657	24,8328	
0,3649	24,8297	
0,3875	24,6552	
0,3875	24,6552	
0,3875	24,6552	
0,3875	24,6552	
0,3875	24,6552	
0,3875	24,6552	
0,3871	24,6545	
0,3871	24,6545	
0,3871	24,6545	
0,3871	24,6545	
0,3871	24,6545	
0,3867	24,6533	
0,3867	24,6533	
0,3867	24,6533	
0,3867	24,6533	
0,3862	24,6518	
0,3862	24,6518	
0,3862	24,6518	
0,3856	24,6496	
0,3856	24,6496	
0,3848	24,6467	
0,4128	24,3308	
0,4128	24,3308	
0,4128	24,3308	
0,4128	24,3308	
0,4128	24,3308	
0,4128	24,3308	
0,4125	24,3301	
0,4125	24,3301	
0,4125	24,3301	
0,4125	24,3301	
0,4125	24,3301	
0,4122	24,3291	
0,4122	24,3291	
0,4122	24,3291	
0,4122	24,3291	
0,4118	24,3276	
0,4118	24,3276	
0,4118	24,3276	
0,4112	24,3256	
0,4112	24,3256	
0,4105	24,323	
0,2759	24,1381	
0,2898	24,4043	
0,2898	24,4043	
0,2883	24,4007	
0,3029	24,6152	
0,3029	24,6152	
0,3029	24,6152	
0,3017	24,6125	
0,3017	24,6125	
0,3005	24,6091	
0,3158	24,7715	
0,3158	24,7715	
0,3158	24,7715	
0,3158	24,7715	
0,3148	24,7696	
0,3148	24,7696	
0,3148	24,7696	
0,3138	24,767	
0,3138	24,767	
0,3126	24,7636	
0,3292	24,871	
0,3292	24,871	
0,3292	24,871	
0,3292	24,871	
0,3292	24,871	
0,3285	24,8696	
0,3285	24,8696	
0,3285	24,8696	
0,3285	24,8696	
0,3277	24,8677	
0,3277	24,8677	
0,3277	24,8677	
0,3267	24,8652	
0,3267	24,8652	
0,3256	24,8616	
0,3443	24,9065	
0,3443	24,9065	
0,3443	24,9065	
0,3443	24,9065	
0,3443	24,9065	
0,3443	24,9065	
0,3437	24,9055	
0,3437	24,9055	
0,3437	24,9055	
0,3437	24,9055	
0,3437	24,9055	
0,3431	24,9042	
0,3431	24,9042	
0,3431	24,9042	
0,3431	24,9042	
0,3424	24,9024	
0,3424	24,9024	
0,3424	24,9024	
0,3415	24,8998	
0,3415	24,8998	
0,3405	24,8964	
0,3621	24,864	
0,3621	24,864	
0,3621	24,864	
0,3621	24,864	
0,3621	24,864	
0,3621	24,864	
0,3616	24,8631	
0,3616	24,8631	
0,3616	24,8631	
0,3616	24,8631	
0,3616	24,8631	
0,361	24,8618	
0,361	24,8618	
0,361	24,8618	
0,361	24,8618	
0,3604	24,8599	
0,3604	24,8599	
0,3604	24,8599	
0,3596	24,8575	
0,3596	24,8575	
0,3586	24,8541	
0,3849	24,7227	
0,3849	24,7227	
0,3849	24,7227	
0,3849	24,7227	
0,3849	24,7227	
0,3849	24,7227	
0,3845	24,7219	
0,3845	24,7219	
0,3845	24,7219	
0,3845	24,7219	
0,3845	24,7219	
0,384	24,7206	
0,384	24,7206	
0,384	24,7206	
0,384	24,7206	
0,3835	24,7189	
0,3835	24,7189	
0,3835	24,7189	
0,3827	24,7165	
0,3827	24,7165	
0,3818	24,7133	
0,2497	23,9964	
0,267	24,2866	
0,267	24,2866	
0,2654	24,2828	
0,2832	24,5205	
0,2832	24,5205	
0,2832	24,5205	
0,2819	24,5176	
0,2819	24,5176	
0,2805	24,5139	
0,299	24,6995	
0,299	24,6995	
0,299	24,6995	
0,299	24,6995	
0,2979	24,6974	
0,2979	24,6974	
0,2979	24,6974	
0,2968	24,6946	
0,2968	24,6946	
0,2954	24,6908	
0,315	24,8225	
0,315	24,8225	
0,315	24,8225	
0,315	24,8225	
0,315	24,8225	
0,3141	24,821	
0,3141	24,821	
0,3141	24,821	
0,3141	24,821	
0,3132	24,819	
0,3132	24,819	
0,3132	24,819	
0,3122	24,8162	
0,3122	24,8162	
0,3109	24,8123	
0,3325	24,8843	
0,3325	24,8843	
0,3325	24,8843	
0,3325	24,8843	
0,3325	24,8843	
0,3325	24,8843	
0,3318	24,8833	
0,3318	24,8833	
0,3318	24,8833	
0,3318	24,8833	
0,3318	24,8833	
0,3311	24,8819	
0,3311	24,8819	
0,3311	24,8819	
0,3311	24,8819	
0,3302	24,8798	
0,3302	24,8798	
0,3302	24,8798	
0,3292	24,877	
0,3292	24,877	
0,3281	24,8733	
0,3525	24,8733	
0,3525	24,8733	
0,3525	24,8733	
0,3525	24,8733	
0,3525	24,8733	
0,3525	24,8733	
0,3519	24,8723	
0,3519	24,8723	
0,3519	24,8723	
0,3519	24,8723	
0,3519	24,8723	
0,3513	24,8709	
0,3513	24,8709	
0,3513	24,8709	
0,3513	24,8709	
0,3505	24,8689	
0,3505	24,8689	
0,3505	24,8689	
0,3496	24,8662	
0,3496	24,8662	
0,3485	24,8624	
0,2207	23,8421	
0,2414	24,1568	
0,2414	24,1568	
0,2396	24,1528	
0,2608	24,4141	
0,2608	24,4141	
0,2608	24,4141	
0,2594	24,411	
0,2594	24,411	
0,2578	24,407	
0,2795	24,6158	
0,2795	24,6158	
0,2795	24,6158	
0,2795	24,6158	
0,2783	24,6135	
0,2783	24,6135	
0,2783	24,6135	
0,2771	24,6105	
0,2771	24,6105	
0,2755	24,6064	
0,2981	24,7618	
0,2981	24,7618	
0,2981	24,7618	
0,2981	24,7618	
0,2981	24,7618	
0,2972	24,7602	
0,2972	24,7602	
0,2972	24,7602	
0,2972	24,7602	
0,2962	24,758	
0,2962	24,758	
0,2962	24,758	
0,2949	24,7549	
0,2949	24,7549	
0,2935	24,7507	
0,3179	24,8485	
0,3179	24,8485	
0,3179	24,8485	
0,3179	24,8485	
0,3179	24,8485	
0,3179	24,8485	
0,3171	24,8473	
0,3171	24,8473	
0,3171	24,8473	
0,3171	24,8473	
0,3171	24,8473	
0,3163	24,8458	
0,3163	24,8458	
0,3163	24,8458	
0,3163	24,8458	
0,3153	24,8435	
0,3153	24,8435	
0,3153	24,8435	
0,3142	24,8404	
0,3142	24,8404	
0,3129	24,8363	
0,1936	23,6582	
0,2152	24,0022	
0,2152	24,0022	
0,2144	23,9965	
0,2354	24,2873	
0,2354	24,2873	
0,2354	24,2873	
0,2348	24,2829	
0,2348	24,2829	
0,2341	24,2775	
0,256	24,5144	
0,256	24,5144	
0,256	24,5144	
0,256	24,5144	
0,2547	24,5119	
0,2547	24,5119	
0,2547	24,5119	
0,2533	24,5086	
0,2533	24,5086	
0,2525	24,5032	
0,2775	24,6844	
0,2775	24,6844	
0,2775	24,6844	
0,2775	24,6844	
0,2775	24,6844	
0,2764	24,6826	
0,2764	24,6826	
0,2764	24,6826	
0,2764	24,6826	
0,2752	24,6802	
0,2752	24,6802	
0,2752	24,6802	
0,2739	24,6768	
0,2739	24,6768	
0,2722	24,6722	
0,1697	23,4446	
0,1933	23,8184	
0,1933	23,8184	
0,1925	23,8122	
0,2155	24,1318	
0,2155	24,1318	
0,2155	24,1318	
0,2149	24,127	
0,2149	24,127	
0,2141	24,1211	
0,2364	24,3875	
0,2364	24,3875	
0,2364	24,3875	
0,2364	24,3875	
0,2359	24,3838	
0,2359	24,3838	
0,2359	24,3838	
0,2352	24,3793	
0,2352	24,3793	
0,2343	24,3733	
0,1434	23,2075	
0,1688	23,6122	
0,1688	23,6122	
0,168	23,6056	
0,1931	23,9551	
0,1931	23,9551	
0,1931	23,9551	
0,1924	23,9499	
0,1924	23,9499	
0,1915	23,9435	
0,1231	22,919	
0,1401	23,3678	
0,1401	23,3678	
0,1392	23,3607	
0,1085	22,6148	
0,3571	24,5516	
0,3602	24,7627	
0,3602	24,7627	
0,3591	24,7598	
0,3659	24,9155	
0,3659	24,9155	
0,3659	24,9155	
0,365	24,9134	
0,365	24,9134	
0,3641	24,9106	
0,3715	25,0108	
0,3715	25,0108	
0,3715	25,0108	
0,3715	25,0108	
0,3708	25,0092	
0,3708	25,0092	
0,3708	25,0092	
0,37	25,0072	
0,37	25,0072	
0,3692	25,0044	
0,3772	25,0411	
0,3772	25,0411	
0,3772	25,0411	
0,3772	25,0411	
0,3772	25,0411	
0,3767	25,04	
0,3767	25,04	
0,3767	25,04	
0,3767	25,04	
0,3761	25,0386	
0,3761	25,0386	
0,3761	25,0386	
0,3754	25,0365	
0,3754	25,0365	
0,3746	25,0337	
0,3836	24,9926	
0,3836	24,9926	
0,3836	24,9926	
0,3836	24,9926	
0,3836	24,9926	
0,3836	24,9926	
0,3831	24,9918	
0,3831	24,9918	
0,3831	24,9918	
0,3831	24,9918	
0,3831	24,9918	
0,3827	24,9908	
0,3827	24,9908	
0,3827	24,9908	
0,3827	24,9908	
0,3822	24,9894	
0,3822	24,9894	
0,3822	24,9894	
0,3816	24,9873	
0,3816	24,9873	
0,3809	24,9847	
0,3908	24,8425	
0,3908	24,8425	
0,3908	24,8425	
0,3908	24,8425	
0,3908	24,8425	
0,3908	24,8425	
0,3905	24,8418	
0,3905	24,8418	
0,3905	24,8418	
0,3905	24,8418	
0,3905	24,8418	
0,3901	24,8408	
0,3901	24,8408	
0,3901	24,8408	
0,3901	24,8408	
0,3896	24,8394	
0,3896	24,8394	
0,3896	24,8394	
0,3891	24,8375	
0,3891	24,8375	
0,3885	24,835	
0,3998	24,5607	
0,3998	24,5607	
0,3998	24,5607	
0,3998	24,5607	
0,3998	24,5607	
0,3998	24,5607	
0,3995	24,5601	
0,3995	24,5601	
0,3995	24,5601	
0,3995	24,5601	
0,3995	24,5601	
0,3992	24,5591	
0,3992	24,5591	
0,3992	24,5591	
0,3992	24,5591	
0,3989	24,5579	
0,3989	24,5579	
0,3989	24,5579	
0,3984	24,5561	
0,3984	24,5561	
0,3978	24,5537	
0,4108	24,1101	
0,4108	24,1101	
0,4108	24,1101	
0,4108	24,1101	
0,4108	24,1101	
0,4108	24,1101	
0,4106	24,1095	
0,4106	24,1095	
0,4106	24,1095	
0,4106	24,1095	
0,4106	24,1095	
0,4104	24,1087	
0,4104	24,1087	
0,4104	24,1087	
0,4104	24,1087	
0,41	24,1075	
0,41	24,1075	
0,41	24,1075	
0,4097	24,1059	
0,4097	24,1059	
0,4092	24,1038	
0,4236	23,4535	
0,4236	23,4535	
0,4236	23,4535	
0,4236	23,4535	
0,4236	23,4535	
0,4236	23,4535	
0,4234	23,4531	
0,4234	23,4531	
0,4234	23,4531	
0,4234	23,4531	
0,4234	23,4531	
0,4232	23,4524	
0,4232	23,4524	
0,4232	23,4524	
0,4232	23,4524	
0,4229	23,4514	
0,4229	23,4514	
0,4229	23,4514	
0,4226	23,45	
0,4226	23,45	
0,4222	23,4482	
0,4426	22,5592	
0,4426	22,5592	
0,4426	22,5592	
0,4426	22,5592	
0,4426	22,5592	
0,4426	22,5592	
0,4426	22,5588	
0,4426	22,5588	
0,4426	22,5588	
0,4426	22,5588	
0,4426	22,5588	
0,4424	22,5582	
0,4424	22,5582	
0,4424	22,5582	
0,4424	22,5582	
0,4423	22,5574	
0,4423	22,5574	
0,4423	22,5574	
0,4421	22,5563	
0,4421	22,5563	
0,4417	22,5547	
0,462	21,4256	
0,462	21,4256	
0,462	21,4256	
0,462	21,4256	
0,462	21,4256	
0,462	21,4256	
0,4619	21,4253	
0,4619	21,4253	
0,4619	21,4253	
0,4619	21,4253	
0,4619	21,4253	
0,4618	21,4249	
0,4618	21,4249	
0,4618	21,4249	
0,4618	21,4249	
0,4617	21,4243	
0,4617	21,4243	
0,4617	21,4243	
0,4615	21,4234	
0,4615	21,4234	
0,3369	24,4576	
0,346	24,6859	
0,346	24,6859	
0,3448	24,6828	
0,3547	24,8591	
0,3547	24,8591	
0,3547	24,8591	
0,3537	24,8568	
0,3537	24,8568	
0,3526	24,8538	
0,3631	24,9759	
0,3631	24,9759	
0,3631	24,9759	
0,3631	24,9759	
0,3623	24,9742	
0,3623	24,9742	
0,3623	24,9742	
0,3615	24,972	
0,3615	24,972	
0,3605	24,969	
0,3719	25,0307	
0,3719	25,0307	
0,3719	25,0307	
0,3719	25,0307	
0,3719	25,0307	
0,3713	25,0295	
0,3713	25,0295	
0,3713	25,0295	
0,3713	25,0295	
0,3707	25,0279	
0,3707	25,0279	
0,3707	25,0279	
0,3699	25,0257	
0,3699	25,0257	
0,369	25,0227	
0,3819	25,012	
0,3819	25,012	
0,3819	25,012	
0,3819	25,012	
0,3819	25,012	
0,3819	25,012	
0,3814	25,0112	
0,3814	25,0112	
0,3814	25,0112	
0,3814	25,0112	
0,3814	25,0112	
0,3809	25,0101	
0,3809	25,0101	
0,3809	25,0101	
0,3809	25,0101	
0,3804	25,0085	
0,3804	25,0085	
0,3804	25,0085	
0,3797	25,0063	
0,3797	25,0063	
0,3789	25,0034	
0,3935	24,90	
0,3935	24,90	
0,3935	24,90	
0,3935	24,90	
0,3935	24,90	
0,3935	24,90	
0,3932	24,8993	
0,3932	24,8993	
0,3932	24,8993	
0,3932	24,8993	
0,3932	24,8993	
0,3927	24,8982	
0,3927	24,8982	
0,3927	24,8982	
0,3927	24,8982	
0,3922	24,8966	
0,3922	24,8966	
0,3922	24,8966	
0,3916	24,8946	
0,3916	24,8946	
0,3909	24,8917	
0,4083	24,6675	
0,4083	24,6675	
0,4083	24,6675	
0,4083	24,6675	
0,4083	24,6675	
0,4083	24,6675	
0,408	24,6668	
0,408	24,6668	
0,408	24,6668	
0,408	24,6668	
0,408	24,6668	
0,4076	24,6658	
0,4076	24,6658	
0,4076	24,6658	
0,4076	24,6658	
0,4072	24,6644	
0,4072	24,6644	
0,4072	24,6644	
0,4066	24,6624	
0,4066	24,6624	
0,4059	24,6597	
0,4267	24,2789	
0,4267	24,2789	
0,4267	24,2789	
0,4267	24,2789	
0,4267	24,2789	
0,4267	24,2789	
0,4264	24,2783	
0,4264	24,2783	
0,4264	24,2783	
0,4264	24,2783	
0,4264	24,2783	
0,4261	24,2773	
0,4261	24,2773	
0,4261	24,2773	
0,4261	24,2773	
0,4258	24,276	
0,4258	24,276	
0,4258	24,276	
0,4253	24,2742	
0,4253	24,2742	
0,4247	24,2718	
0,4487	23,6961	
0,4487	23,6961	
0,4487	23,6961	
0,4487	23,6961	
0,4487	23,6961	
0,4487	23,6961	
0,4485	23,6955	
0,4485	23,6955	
0,4485	23,6955	
0,4485	23,6955	
0,4485	23,6955	
0,4483	23,6947	
0,4483	23,6947	
0,4483	23,6947	
0,4483	23,6947	
0,4479	23,6936	
0,4479	23,6936	
0,4479	23,6936	
0,4475	23,6921	
0,4475	23,6921	
0,447	23,69	
0,4731	22,8878	
0,4731	22,8878	
0,4731	22,8878	
0,4731	22,8878	
0,4731	22,8878	
0,4731	22,8878	
0,4729	22,8874	
0,4729	22,8874	
0,4729	22,8874	
0,4729	22,8874	
0,4729	22,8874	
0,4727	22,8867	
0,4727	22,8867	
0,4727	22,8867	
0,4727	22,8867	
0,4725	22,8858	
0,4725	22,8858	
0,4725	22,8858	
0,4721	22,8846	
0,4721	22,8846	
0,4717	22,8828	
0,3177	24,3517	
0,3299	24,6006	
0,3299	24,6006	
0,3285	24,5973	
0,3413	24,7941	
0,3413	24,7941	
0,3413	24,7941	
0,3402	24,7916	
0,3402	24,7916	
0,3391	24,7884	
0,3525	24,9318	
0,3525	24,9318	
0,3525	24,9318	
0,3525	24,9318	
0,3516	24,9299	
0,3516	24,9299	
0,3516	24,9299	
0,3507	24,9275	
0,3507	24,9275	
0,3496	24,9243	
0,3641	25,0097	
0,3641	25,0097	
0,3641	25,0097	
0,3641	25,0097	
0,3641	25,0097	
0,3634	25,0083	
0,3634	25,0083	
0,3634	25,0083	
0,3634	25,0083	
0,3627	25,0066	
0,3627	25,0066	
0,3627	25,0066	
0,3618	25,0042	
0,3618	25,0042	
0,3608	25,0009	
0,377	25,0184	
0,377	25,0184	
0,377	25,0184	
0,377	25,0184	
0,377	25,0184	
0,377	25,0184	
0,3765	25,0175	
0,3765	25,0175	
0,3765	25,0175	
0,3765	25,0175	
0,3765	25,0175	
0,3759	25,0163	
0,3759	25,0163	
0,3759	25,0163	
0,3759	25,0163	
0,3753	25,0146	
0,3753	25,0146	
0,3753	25,0146	
0,3745	25,0121	
0,3745	25,0121	
0,3736	25,009	
0,3921	24,9408	
0,3921	24,9408	
0,3921	24,9408	
0,3921	24,9408	
0,3921	24,9408	
0,3921	24,9408	
0,3917	24,94	
0,3917	24,94	
0,3917	24,94	
0,3917	24,94	
0,3917	24,94	
0,3912	24,9388	
0,3912	24,9388	
0,3912	24,9388	
0,3912	24,9388	
0,3906	24,9371	
0,3906	24,9371	
0,3906	24,9371	
0,3899	24,9348	
0,3899	24,9348	
0,389	24,9317	
0,4113	24,7528	
0,4113	24,7528	
0,4113	24,7528	
0,4113	24,7528	
0,4113	24,7528	
0,4113	24,7528	
0,4109	24,752	
0,4109	24,752	
0,4109	24,752	
0,4109	24,752	
0,4109	24,752	
0,4105	24,7508	
0,4105	24,7508	
0,4105	24,7508	
0,4105	24,7508	
0,4099	24,7493	
0,4099	24,7493	
0,4099	24,7493	
0,4093	24,7471	
0,4093	24,7471	
0,4085	24,7441	
0,4355	24,4207	
0,4355	24,4207	
0,4355	24,4207	
0,4355	24,4207	
0,4355	24,4207	
0,4355	24,4207	
0,4352	24,42	
0,4352	24,42	
0,4352	24,42	
0,4352	24,42	
0,4352	24,42	
0,4348	24,419	
0,4348	24,419	
0,4348	24,419	
0,4348	24,419	
0,4344	24,4175	
0,4344	24,4175	
0,4344	24,4175	
0,4338	24,4155	
0,4338	24,4155	
0,433	24,4128	
0,4651	23,9066	
0,4651	23,9066	
0,4651	23,9066	
0,4651	23,9066	
0,4651	23,9066	
0,4651	23,9066	
0,4648	23,9059	
0,4648	23,9059	
0,4648	23,9059	
0,4648	23,9059	
0,4648	23,9059	
0,4645	23,905	
0,4645	23,905	
0,4645	23,905	
0,4645	23,905	
0,4641	23,9037	
0,4641	23,9037	
0,4641	23,9037	
0,4636	23,902	
0,4636	23,902	
0,463	23,8996	
0,2947	24,2272	
0,3101	24,4988	
0,3101	24,4988	
0,3086	24,4952	
0,3246	24,7142	
0,3246	24,7142	
0,3246	24,7142	
0,3234	24,7115	
0,3234	24,7115	
0,3221	24,708	
0,3386	24,8739	
0,3386	24,8739	
0,3386	24,8739	
0,3386	24,8739	
0,3377	24,872	
0,3377	24,872	
0,3377	24,872	
0,3366	24,8694	
0,3366	24,8694	
0,3354	24,8658	
0,353	24,9756	
0,353	24,9756	
0,353	24,9756	
0,353	24,9756	
0,353	24,9756	
0,3522	24,9742	
0,3522	24,9742	
0,3522	24,9742	
0,3522	24,9742	
0,3514	24,9723	
0,3514	24,9723	
0,3514	24,9723	
0,3504	24,9696	
0,3504	24,9696	
0,3492	24,966	
0,3687	25,0117	
0,3687	25,0117	
0,3687	25,0117	
0,3687	25,0117	
0,3687	25,0117	
0,3687	25,0117	
0,3681	25,0107	
0,3681	25,0107	
0,3681	25,0107	
0,3681	25,0107	
0,3681	25,0107	
0,3674	25,0094	
0,3674	25,0094	
0,3674	25,0094	
0,3674	25,0094	
0,3667	25,0075	
0,3667	25,0075	
0,3667	25,0075	
0,3658	25,0049	
0,3658	25,0049	
0,3647	25,0014	
0,3867	24,9678	
0,3867	24,9678	
0,3867	24,9678	
0,3867	24,9678	
0,3867	24,9678	
0,3867	24,9678	
0,3862	24,967	
0,3862	24,967	
0,3862	24,967	
0,3862	24,967	
0,3862	24,967	
0,3857	24,9656	
0,3857	24,9656	
0,3857	24,9656	
0,3857	24,9656	
0,385	24,9637	
0,385	24,9637	
0,385	24,9637	
0,3842	24,9612	
0,3842	24,9612	
0,3831	24,9578	
0,4094	24,8229	
0,4094	24,8229	
0,4094	24,8229	
0,4094	24,8229	
0,4094	24,8229	
0,4094	24,8229	
0,409	24,822	
0,409	24,822	
0,409	24,822	
0,409	24,822	
0,409	24,822	
0,4085	24,8207	
0,4085	24,8207	
0,4085	24,8207	
0,4085	24,8207	
0,4079	24,819	
0,4079	24,819	
0,4079	24,819	
0,4071	24,8165	
0,4071	24,8165	
0,4062	24,8132	
0,4383	24,546	
0,4383	24,546	
0,4383	24,546	
0,4383	24,546	
0,4383	24,546	
0,4383	24,546	
0,438	24,5452	
0,438	24,5452	
0,438	24,5452	
0,438	24,5452	
0,438	24,5452	
0,4375	24,544	
0,4375	24,544	
0,4375	24,544	
0,4375	24,544	
0,437	24,5424	
0,437	24,5424	
0,437	24,5424	
0,4363	24,5401	
0,4363	24,5401	
0,4354	24,537	
0,2676	24,0834	
0,2865	24,3795	
0,2865	24,3795	
0,2848	24,3756	
0,3043	24,6183	
0,3043	24,6183	
0,3043	24,6183	
0,3029	24,6154	
0,3029	24,6154	
0,3014	24,6117	
0,3213	24,8014	
0,3213	24,8014	
0,3213	24,8014	
0,3213	24,8014	
0,3202	24,7992	
0,3202	24,7992	
0,3202	24,7992	
0,319	24,7964	
0,319	24,7964	
0,3176	24,7925	
0,3385	24,9272	
0,3385	24,9272	
0,3385	24,9272	
0,3385	24,9272	
0,3385	24,9272	
0,3376	24,9256	
0,3376	24,9256	
0,3376	24,9256	
0,3376	24,9256	
0,3366	24,9236	
0,3366	24,9236	
0,3366	24,9236	
0,3355	24,9207	
0,3355	24,9207	
0,3342	24,9167	
0,3568	24,9904	
0,3568	24,9904	
0,3568	24,9904	
0,3568	24,9904	
0,3568	24,9904	
0,3568	24,9904	
0,3561	24,9893	
0,3561	24,9893	
0,3561	24,9893	
0,3561	24,9893	
0,3561	24,9893	
0,3554	24,9878	
0,3554	24,9878	
0,3554	24,9878	
0,3554	24,9878	
0,3545	24,9857	
0,3545	24,9857	
0,3545	24,9857	
0,3534	24,9828	
0,3534	24,9828	
0,3522	24,979	
0,3773	24,9788	
0,3773	24,9788	
0,3773	24,9788	
0,3773	24,9788	
0,3773	24,9788	
0,3773	24,9788	
0,3768	24,9779	
0,3768	24,9779	
0,3768	24,9779	
0,3768	24,9779	
0,3768	24,9779	
0,3761	24,9764	
0,3761	24,9764	
0,3761	24,9764	
0,3761	24,9764	
0,3753	24,9743	
0,3753	24,9743	
0,3753	24,9743	
0,3743	24,9715	
0,3743	24,9715	
0,3732	24,9677	
0,4028	24,8747	
0,4028	24,8747	
0,4028	24,8747	
0,4028	24,8747	
0,4028	24,8747	
0,4028	24,8747	
0,4023	24,8737	
0,4023	24,8737	
0,4023	24,8737	
0,4023	24,8737	
0,4023	24,8737	
0,4017	24,8723	
0,4017	24,8723	
0,4017	24,8723	
0,4017	24,8723	
0,401	24,8703	
0,401	24,8703	
0,401	24,8703	
0,4001	24,8676	
0,4001	24,8676	
0,399	24,8639	
0,2375	23,9266	
0,2599	24,2477	
0,2599	24,2477	
0,2581	24,2435	
0,2811	24,5105	
0,2811	24,5105	
0,2811	24,5105	
0,2796	24,5073	
0,2796	24,5073	
0,2779	24,5033	
0,3013	24,7168	
0,3013	24,7168	
0,3013	24,7168	
0,3013	24,7168	
0,30	24,7145	
0,30	24,7145	
0,30	24,7145	
0,2987	24,7114	
0,2987	24,7114	
0,2971	24,7072	
0,3212	24,8663	
0,3212	24,8663	
0,3212	24,8663	
0,3212	24,8663	
0,3212	24,8663	
0,3202	24,8646	
0,3202	24,8646	
0,3202	24,8646	
0,3202	24,8646	
0,3191	24,8623	
0,3191	24,8623	
0,3191	24,8623	
0,3179	24,8592	
0,3179	24,8592	
0,3163	24,8549	
0,342	24,955	
0,342	24,955	
0,342	24,955	
0,342	24,955	
0,342	24,955	
0,342	24,955	
0,3412	24,9539	
0,3412	24,9539	
0,3412	24,9539	
0,3412	24,9539	
0,3412	24,9539	
0,3403	24,9523	
0,3403	24,9523	
0,3403	24,9523	
0,3403	24,9523	
0,3394	24,95	
0,3394	24,95	
0,3394	24,95	
0,3382	24,9468	
0,3382	24,9468	
0,3368	24,9426	
0,3647	24,9732	
0,3647	24,9732	
0,3647	24,9732	
0,3647	24,9732	
0,3647	24,9732	
0,3647	24,9732	
0,364	24,9721	
0,364	24,9721	
0,364	24,9721	
0,364	24,9721	
0,364	24,9721	
0,3632	24,9705	
0,3632	24,9705	
0,3632	24,9705	
0,3632	24,9705	
0,3623	24,9682	
0,3623	24,9682	
0,3623	24,9682	
0,3612	24,9651	
0,3612	24,9651	
0,3599	24,9609	
0,2058	23,7437	
0,229	24,0949	
0,229	24,0949	
0,2282	24,0891	
0,2535	24,3836	
0,2535	24,3836	
0,2535	24,3836	
0,2518	24,3801	
0,2518	24,3801	
0,25	24,3757	
0,2771	24,6147	
0,2771	24,6147	
0,2771	24,6147	
0,2771	24,6147	
0,2757	24,6121	
0,2757	24,6121	
0,2757	24,6121	
0,2742	24,6088	
0,2742	24,6088	
0,2724	24,6042	
0,30	24,7888	
0,30	24,7888	
0,30	24,7888	
0,30	24,7888	
0,30	24,7888	
0,2989	24,7869	
0,2989	24,7869	
0,2989	24,7869	
0,2989	24,7869	
0,2977	24,7845	
0,2977	24,7845	
0,2977	24,7845	
0,2962	24,781	
0,2962	24,781	
0,2945	24,7763	
0,3234	24,9034	
0,3234	24,9034	
0,3234	24,9034	
0,3234	24,9034	
0,3234	24,9034	
0,3234	24,9034	
0,3225	24,9021	
0,3225	24,9021	
0,3225	24,9021	
0,3225	24,9021	
0,3225	24,9021	
0,3215	24,9003	
0,3215	24,9003	
0,3215	24,9003	
0,3215	24,9003	
0,3204	24,8978	
0,3204	24,8978	
0,3204	24,8978	
0,319	24,8943	
0,319	24,8943	
0,3174	24,8897	
0,181	23,5271	
0,2062	23,9086	
0,2062	23,9086	
0,2054	23,9023	
0,23	24,229	
0,23	24,229	
0,23	24,229	
0,2293	24,2241	
0,2293	24,2241	
0,2285	24,2182	
0,2524	24,4909	
0,2524	24,4909	
0,2524	24,4909	
0,2524	24,4909	
0,2518	24,4871	
0,2518	24,4871	
0,2518	24,4871	
0,2511	24,4825	
0,2511	24,4825	
0,2502	24,4764	
0,2748	24,6942	
0,2748	24,6942	
0,2748	24,6942	
0,2748	24,6942	
0,2748	24,6942	
0,2736	24,6921	
0,2736	24,6921	
0,2736	24,6921	
0,2736	24,6921	
0,2725	24,6892	
0,2725	24,6892	
0,2725	24,6892	
0,2718	24,6845	
0,2718	24,6845	
0,2708	24,6784	
0,1539	23,2883	
0,181	23,7011	
0,181	23,7011	
0,1801	23,6943	
0,2069	24,0516	
0,2069	24,0516	
0,2069	24,0516	
0,2061	24,0462	
0,2061	24,0462	
0,2052	24,0397	
0,2314	24,342	
0,2314	24,342	
0,2314	24,342	
0,2314	24,342	
0,2307	24,3379	
0,2307	24,3379	
0,2307	24,3379	
0,23	24,3328	
0,23	24,3328	
0,229	24,3261	
0,1298	23,0073	
0,1521	23,4603	
0,1521	23,4603	
0,1511	23,453	
0,18	23,8432	
0,18	23,8432	
0,18	23,8432	
0,1792	23,8374	
0,1792	23,8374	
0,1782	23,8303	
0,1145	22,6957	
0,1323	23,1881	
0,1323	23,1881	
0,1316	23,18	
