0,4738	21,4116	
0,6194	22,0403	
0,4739	22,28	
0,4739	22,28	
0,476	22,276	
0,4854	22,1102	
0,7689	22,6093	
0,6032	22,8857	
0,6032	22,8857	
0,6056	22,8811	
0,453	23,108	
0,453	23,108	
0,453	23,108	
0,4552	23,1041	
0,4552	23,1041	
0,4575	23,0999	
0,6136	22,6928	
0,4848	22,9471	
0,4848	22,9471	
0,4868	22,9428	
0,4638	22,7583	
0,9189	23,1166	
0,7343	23,4297	
0,7343	23,4297	
0,737	23,4244	
0,5627	23,6849	
0,5627	23,6849	
0,5627	23,6849	
0,5652	23,6805	
0,5652	23,6805	
0,5677	23,6756	
0,4029	23,8796	
0,4029	23,8796	
0,4029	23,8796	
0,4029	23,8796	
0,405	23,8761	
0,405	23,8761	
0,405	23,8761	
0,4073	23,8721	
0,4073	23,8721	
0,4097	23,8673	
0,742	23,214	
0,5973	23,5042	
0,5973	23,5042	
0,5995	23,4992	
0,4676	23,735	
0,4676	23,735	
0,4676	23,735	
0,4696	23,7309	
0,4696	23,7309	
0,4717	23,7262	
0,571	23,2927	
0,4732	23,5538	
0,4732	23,5538	
0,475	23,549	
0,4188	23,3351	
1,0657	23,562	
0,8635	23,9112	
0,8635	23,9112	
0,8664	23,9053	
0,6712	24,1993	
0,6712	24,1993	
0,6712	24,1993	
0,674	24,1942	
0,674	24,1942	
0,6768	24,1887	
0,4865	24,4236	
0,4865	24,4236	
0,4865	24,4236	
0,4865	24,4236	
0,4891	24,4194	
0,4891	24,4194	
0,4891	24,4194	
0,4917	24,4147	
0,4917	24,4147	
0,4945	24,4093	
0,3178	24,5651	
0,3178	24,5651	
0,3178	24,5651	
0,3178	24,5651	
0,3178	24,5651	
0,32	24,5618	
0,32	24,5618	
0,32	24,5618	
0,32	24,5618	
0,3222	24,5581	
0,3222	24,5581	
0,3222	24,5581	
0,3246	24,5537	
0,3246	24,5537	
0,3273	24,5485	
0,8678	23,6728	
0,7085	23,9983	
0,7085	23,9983	
0,7108	23,9928	
0,5618	24,2608	
0,5618	24,2608	
0,5618	24,2608	
0,5641	24,2561	
0,5641	24,2561	
0,5663	24,2509	
0,4357	24,4491	
0,4357	24,4491	
0,4357	24,4491	
0,4357	24,4491	
0,4378	24,4453	
0,4378	24,4453	
0,4378	24,4453	
0,4399	24,441	
0,4399	24,441	
0,4422	24,4358	
0,6764	23,7641	
0,5618	24,0647	
0,5618	24,0647	
0,5636	24,0594	
0,4708	24,2915	
0,4708	24,2915	
0,4708	24,2915	
0,4727	24,2871	
0,4727	24,2871	
0,4745	24,282	
0,4973	23,8239	
0,4348	24,0937	
0,4348	24,0937	
0,4363	24,0885	
0,3367	23,8529	
1,2058	23,9469	
0,9875	24,3307	
0,9875	24,3307	
0,9907	24,3242	
0,7762	24,6501	
0,7762	24,6501	
0,7762	24,6501	
0,7794	24,6445	
0,7794	24,6445	
0,7824	24,6384	
0,5691	24,9017	
0,5691	24,9017	
0,5691	24,9017	
0,5691	24,9017	
0,572	24,8969	
0,572	24,8969	
0,572	24,8969	
0,5749	24,8918	
0,5749	24,8918	
0,578	24,8857	
0,3727	25,0664	
0,3727	25,0664	
0,3727	25,0664	
0,3727	25,0664	
0,3727	25,0664	
0,3751	25,0627	
0,3751	25,0627	
0,3751	25,0627	
0,3751	25,0627	
0,3776	25,0586	
0,3776	25,0586	
0,3776	25,0586	
0,3804	25,0536	
0,3804	25,0536	
0,3833	25,0478	
0,2188	25,092	
0,2188	25,092	
0,2188	25,092	
0,2188	25,092	
0,2188	25,092	
0,2188	25,092	
0,2185	25,0914	
0,2185	25,0914	
0,2185	25,0914	
0,2185	25,0914	
0,2185	25,0914	
0,2183	25,0904	
0,2183	25,0904	
0,2183	25,0904	
0,2183	25,0904	
0,2181	25,0891	
0,2181	25,0891	
0,2181	25,0891	
0,2178	25,0873	
0,2178	25,0873	
0,2176	25,0849	
0,9878	24,0702	
0,8154	24,4297	
0,8154	24,4297	
0,8179	24,4235	
0,6535	24,7223	
0,6535	24,7223	
0,6535	24,7223	
0,656	24,7171	
0,656	24,7171	
0,6584	24,7113	
0,507	24,939	
0,507	24,939	
0,507	24,939	
0,507	24,939	
0,5092	24,9347	
0,5092	24,9347	
0,5092	24,9347	
0,5116	24,9299	
0,5116	24,9299	
0,5141	24,9241	
0,3643	25,0812	
0,3643	25,0812	
0,3643	25,0812	
0,3643	25,0812	
0,3643	25,0812	
0,3664	25,0777	
0,3664	25,0777	
0,3664	25,0777	
0,3664	25,0777	
0,3685	25,0738	
0,3685	25,0738	
0,3685	25,0738	
0,3708	25,069	
0,3708	25,069	
0,3733	25,0634	
0,7771	24,1731	
0,6527	24,5063	
0,6527	24,5063	
0,6546	24,5005	
0,5467	24,7655	
0,5467	24,7655	
0,5467	24,7655	
0,5487	24,7605	
0,5487	24,7605	
0,5507	24,7549	
0,4487	24,9584	
0,4487	24,9584	
0,4487	24,9584	
0,4487	24,9584	
0,4506	24,9542	
0,4506	24,9542	
0,4506	24,9542	
0,4525	24,9496	
0,4525	24,9496	
0,4545	24,9441	
0,5724	24,2494	
0,5057	24,5484	
0,5057	24,5484	
0,5072	24,5426	
0,4413	24,7895	
0,4413	24,7895	
0,4413	24,7895	
0,4428	24,7847	
0,4428	24,7847	
0,4443	24,7793	
0,393	24,2851	
0,3594	24,5748	
0,3594	24,5748	
0,3604	24,5692	
0,2398	24,2839	
1,3359	24,2733	
1,1037	24,6893	
1,1037	24,6893	
1,1071	24,6822	
0,8752	25,038	
0,8752	25,038	
0,8752	25,038	
0,8786	25,0318	
0,8786	25,0318	
0,8819	25,0251	
0,6476	25,3148	
0,6476	25,3148	
0,6476	25,3148	
0,6476	25,3148	
0,6508	25,3095	
0,6508	25,3095	
0,6508	25,3095	
0,654	25,3038	
0,654	25,3038	
0,6573	25,2971	
0,425	25,5013	
0,425	25,5013	
0,425	25,5013	
0,425	25,5013	
0,425	25,5013	
0,4276	25,4971	
0,4276	25,4971	
0,4276	25,4971	
0,4276	25,4971	
0,4304	25,4926	
0,4304	25,4926	
0,4304	25,4926	
0,4334	25,4871	
0,4334	25,4871	
0,4367	25,4806	
0,2363	25,5457	
0,2363	25,5457	
0,2363	25,5457	
0,2363	25,5457	
0,2363	25,5457	
0,2363	25,5457	
0,2361	25,5449	
0,2361	25,5449	
0,2361	25,5449	
0,2361	25,5449	
0,2361	25,5449	
0,2358	25,5439	
0,2358	25,5439	
0,2358	25,5439	
0,2358	25,5439	
0,2356	25,5424	
0,2356	25,5424	
0,2356	25,5424	
0,2353	25,5404	
0,2353	25,5404	
0,235	25,5378	
0,2373	25,2604	
0,2373	25,2604	
0,2373	25,2604	
0,2373	25,2604	
0,2373	25,2604	
0,2373	25,2604	
0,2371	25,2598	
0,2371	25,2598	
0,2371	25,2598	
0,2371	25,2598	
0,2371	25,2598	
0,2368	25,2589	
0,2368	25,2589	
0,2368	25,2589	
0,2368	25,2589	
0,2365	25,2576	
0,2365	25,2576	
0,2365	25,2576	
0,2362	25,2559	
0,2362	25,2559	
0,2358	25,2535	
1,099	24,4082	
0,9157	24,7989	
0,9157	24,7989	
0,9183	24,7922	
0,7405	25,1195	
0,7405	25,1195	
0,7405	25,1195	
0,7432	25,1137	
0,7432	25,1137	
0,7458	25,1074	
0,5751	25,3628	
0,5751	25,3628	
0,5751	25,3628	
0,5751	25,3628	
0,5776	25,3581	
0,5776	25,3581	
0,5776	25,3581	
0,5801	25,3528	
0,5801	25,3528	
0,5829	25,3464	
0,4167	25,5202	
0,4167	25,5202	
0,4167	25,5202	
0,4167	25,5202	
0,4167	25,5202	
0,419	25,5162	
0,419	25,5162	
0,419	25,5162	
0,419	25,5162	
0,4213	25,5119	
0,4213	25,5119	
0,4213	25,5119	
0,4239	25,5067	
0,4239	25,5067	
0,4265	25,5005	
0,2615	25,5759	
0,2615	25,5759	
0,2615	25,5759	
0,2615	25,5759	
0,2615	25,5759	
0,2615	25,5759	
0,2615	25,5747	
0,2615	25,5747	
0,2615	25,5747	
0,2615	25,5747	
0,2615	25,5747	
0,2617	25,5731	
0,2617	25,5731	
0,2617	25,5731	
0,2617	25,5731	
0,2619	25,571	
0,2619	25,571	
0,2619	25,571	
0,2622	25,5681	
0,2622	25,5681	
0,2625	25,5646	
0,8706	24,5214	
0,738	24,8852	
0,738	24,8852	
0,74	24,8788	
0,619	25,1742	
0,619	25,1742	
0,619	25,1742	
0,6212	25,1687	
0,6212	25,1687	
0,6233	25,1625	
0,5117	25,3868	
0,5117	25,3868	
0,5117	25,3868	
0,5117	25,3868	
0,5138	25,3823	
0,5138	25,3823	
0,5138	25,3823	
0,5159	25,3772	
0,5159	25,3772	
0,518	25,3711	
0,3967	25,5335	
0,3967	25,5335	
0,3967	25,5335	
0,3967	25,5335	
0,3967	25,5335	
0,3986	25,5297	
0,3986	25,5297	
0,3986	25,5297	
0,3986	25,5297	
0,4005	25,5256	
0,4005	25,5256	
0,4005	25,5256	
0,4026	25,5206	
0,4026	25,5206	
0,4046	25,5146	
0,6427	24,6123	
0,5727	24,9387	
0,5727	24,9387	
0,5743	24,9324	
0,5037	25,2036	
0,5037	25,2036	
0,5037	25,2036	
0,5054	25,1983	
0,5054	25,1983	
0,507	25,1924	
0,4346	25,406	
0,4346	25,406	
0,4346	25,406	
0,4346	25,406	
0,4362	25,4016	
0,4362	25,4016	
0,4362	25,4016	
0,4378	25,3967	
0,4378	25,3967	
0,4393	25,3908	
0,4454	24,6546	
0,4112	24,9712	
0,4112	24,9712	
0,4123	24,9651	
0,3778	25,2265	
0,3778	25,2265	
0,3778	25,2265	
0,379	25,2214	
0,379	25,2214	
0,38	25,2156	
0,2623	24,6703	
0,267	24,9737	
0,267	24,9737	
0,2681	24,9671	
0,1537	24,5822	
1,4531	24,5439	
1,2092	24,9887	
1,2092	24,9887	
1,2128	24,981	
0,966	25,3636	
0,966	25,3636	
0,966	25,3636	
0,9696	25,357	
0,9696	25,357	
0,9731	25,3497	
0,7204	25,6629	
0,7204	25,6629	
0,7204	25,6629	
0,7204	25,6629	
0,7238	25,6572	
0,7238	25,6572	
0,7238	25,6572	
0,7272	25,651	
0,7272	25,651	
0,7307	25,6438	
0,4745	25,8683	
0,4745	25,8683	
0,4745	25,8683	
0,4745	25,8683	
0,4745	25,8683	
0,4774	25,8638	
0,4774	25,8638	
0,4774	25,8638	
0,4774	25,8638	
0,4803	25,8588	
0,4803	25,8588	
0,4803	25,8588	
0,4836	25,8529	
0,4836	25,8529	
0,4871	25,8458	
0,2541	25,9294	
0,2541	25,9294	
0,2541	25,9294	
0,2541	25,9294	
0,2541	25,9294	
0,2541	25,9294	
0,2538	25,9286	
0,2538	25,9286	
0,2538	25,9286	
0,2538	25,9286	
0,2538	25,9286	
0,2534	25,9276	
0,2534	25,9276	
0,2534	25,9276	
0,2534	25,9276	
0,253	25,926	
0,253	25,926	
0,253	25,926	
0,2527	25,9238	
0,2527	25,9238	
0,2524	25,9209	
0,2539	25,6176	
0,2539	25,6176	
0,2539	25,6176	
0,2539	25,6176	
0,2539	25,6176	
0,2539	25,6176	
0,2536	25,617	
0,2536	25,617	
0,2536	25,617	
0,2536	25,617	
0,2536	25,617	
0,2533	25,616	
0,2533	25,616	
0,2533	25,616	
0,2533	25,616	
0,253	25,6146	
0,253	25,6146	
0,253	25,6146	
0,2526	25,6127	
0,2526	25,6127	
0,2522	25,6101	
0,2553	25,115	
0,2553	25,115	
0,2553	25,115	
0,2553	25,115	
0,2553	25,115	
0,2553	25,115	
0,2552	25,1142	
0,2552	25,1142	
0,2552	25,1142	
0,2552	25,1142	
0,2552	25,1142	
0,2551	25,1132	
0,2551	25,1132	
0,2551	25,1132	
0,2551	25,1132	
0,255	25,1119	
0,255	25,1119	
0,255	25,1119	
0,2548	25,1101	
0,2548	25,1101	
0,2545	25,1077	
1,199	24,6892	
1,0071	25,1076	
1,0071	25,1076	
1,0099	25,1004	
0,8208	25,4531	
0,8208	25,4531	
0,8208	25,4531	
0,8237	25,4469	
0,8237	25,4469	
0,8265	25,44	
0,6395	25,7197	
0,6395	25,7197	
0,6395	25,7197	
0,6395	25,7197	
0,6422	25,7146	
0,6422	25,7146	
0,6422	25,7146	
0,6449	25,7088	
0,6449	25,7088	
0,6478	25,7019	
0,4664	25,8911	
0,4664	25,8911	
0,4664	25,8911	
0,4664	25,8911	
0,4664	25,8911	
0,4689	25,8868	
0,4689	25,8868	
0,4689	25,8868	
0,4689	25,8868	
0,4714	25,882	
0,4714	25,882	
0,4714	25,882	
0,4741	25,8763	
0,4741	25,8763	
0,477	25,8696	
0,2833	25,9639	
0,2833	25,9639	
0,2833	25,9639	
0,2833	25,9639	
0,2833	25,9639	
0,2833	25,9639	
0,2834	25,9626	
0,2834	25,9626	
0,2834	25,9626	
0,2834	25,9626	
0,2834	25,9626	
0,2835	25,9609	
0,2835	25,9609	
0,2835	25,9609	
0,2835	25,9609	
0,2838	25,9586	
0,2838	25,9586	
0,2838	25,9586	
0,2841	25,9554	
0,2841	25,9554	
0,2844	25,9515	
0,2671	25,7305	
0,2671	25,7305	
0,2671	25,7305	
0,2671	25,7305	
0,2671	25,7305	
0,2671	25,7305	
0,2668	25,7297	
0,2668	25,7297	
0,2668	25,7297	
0,2668	25,7297	
0,2668	25,7297	
0,2664	25,7286	
0,2664	25,7286	
0,2664	25,7286	
0,2664	25,7286	
0,266	25,7271	
0,266	25,7271	
0,266	25,7271	
0,2656	25,725	
0,2656	25,725	
0,2651	25,7222	
0,9553	24,8109	
0,8162	25,2019	
0,8162	25,2019	
0,8183	25,195	
0,6869	25,5172	
0,6869	25,5172	
0,6869	25,5172	
0,6892	25,5113	
0,6892	25,5113	
0,6915	25,5046	
0,5713	25,7481	
0,5713	25,7481	
0,5713	25,7481	
0,5713	25,7481	
0,5736	25,7431	
0,5736	25,7431	
0,5736	25,7431	
0,5758	25,7376	
0,5758	25,7376	
0,5781	25,7309	
0,4456	25,9079	
0,4456	25,9079	
0,4456	25,9079	
0,4456	25,9079	
0,4456	25,9079	
0,4477	25,9038	
0,4477	25,9038	
0,4477	25,9038	
0,4477	25,9038	
0,4498	25,8993	
0,4498	25,8993	
0,4498	25,8993	
0,452	25,8938	
0,452	25,8938	
0,4542	25,8873	
0,3153	25,9729	
0,3153	25,9729	
0,3153	25,9729	
0,3153	25,9729	
0,3153	25,9729	
0,3153	25,9729	
0,3165	25,9702	
0,3165	25,9702	
0,3165	25,9702	
0,3165	25,9702	
0,3165	25,9702	
0,3179	25,9671	
0,3179	25,9671	
0,3179	25,9671	
0,3179	25,9671	
0,3195	25,9632	
0,3195	25,9632	
0,3195	25,9632	
0,3213	25,9582	
0,3213	25,9582	
0,3233	25,9523	
0,7085	24,9127	
0,635	25,2651	
0,635	25,2651	
0,6368	25,2582	
0,5625	25,5516	
0,5625	25,5516	
0,5625	25,5516	
0,5643	25,5459	
0,5643	25,5459	
0,5659	25,5394	
0,4882	25,7716	
0,4882	25,7716	
0,4882	25,7716	
0,4882	25,7716	
0,49	25,7669	
0,49	25,7669	
0,49	25,7669	
0,4917	25,7616	
0,4917	25,7616	
0,4933	25,7551	
0,4094	25,92	
0,4094	25,92	
0,4094	25,92	
0,4094	25,92	
0,4094	25,92	
0,4111	25,9161	
0,4111	25,9161	
0,4111	25,9161	
0,4111	25,9161	
0,4127	25,9118	
0,4127	25,9118	
0,4127	25,9118	
0,4144	25,9066	
0,4144	25,9066	
0,4159	25,9003	
0,4937	24,9622	
0,4595	25,3032	
0,4595	25,3032	
0,4606	25,2966	
0,4253	25,5797	
0,4253	25,5797	
0,4253	25,5797	
0,4265	25,5741	
0,4265	25,5741	
0,4276	25,5679	
0,3914	25,7894	
0,3914	25,7894	
0,3914	25,7894	
0,3914	25,7894	
0,3927	25,7848	
0,3927	25,7848	
0,3927	25,7848	
0,3938	25,7797	
0,3938	25,7797	
0,3948	25,7735	
0,2836	24,9931	
0,2903	25,3208	
0,2903	25,3208	
0,2914	25,3137	
0,2974	25,5835	
0,2974	25,5835	
0,2974	25,5835	
0,2985	25,5778	
0,2985	25,5778	
0,2995	25,571	
0,1654	24,9024	
0,1866	25,245	
0,1866	25,245	
0,1854	25,2397	
0,1197	24,7142	
1,5549	24,7607	
1,3018	25,2301	
1,3018	25,2301	
1,3054	25,222	
1,0468	25,6271	
1,0468	25,6271	
1,0468	25,6271	
1,0505	25,62	
1,0505	25,62	
1,0542	25,6123	
0,7863	25,9452	
0,7863	25,9452	
0,7863	25,9452	
0,7863	25,9452	
0,7899	25,9391	
0,7899	25,9391	
0,7899	25,9391	
0,7935	25,9325	
0,7935	25,9325	
0,7973	25,9248	
0,5217	26,1655	
0,5217	26,1655	
0,5217	26,1655	
0,5217	26,1655	
0,5217	26,1655	
0,5247	26,1607	
0,5247	26,1607	
0,5247	26,1607	
0,5247	26,1607	
0,5279	26,1553	
0,5279	26,1553	
0,5279	26,1553	
0,5313	26,1489	
0,5313	26,1489	
0,5351	26,1414	
0,2721	26,2421	
0,2721	26,2421	
0,2721	26,2421	
0,2721	26,2421	
0,2721	26,2421	
0,2721	26,2421	
0,2717	26,2413	
0,2717	26,2413	
0,2717	26,2413	
0,2717	26,2413	
0,2717	26,2413	
0,2713	26,2401	
0,2713	26,2401	
0,2713	26,2401	
0,2713	26,2401	
0,2709	26,2385	
0,2709	26,2385	
0,2709	26,2385	
0,2706	26,2361	
0,2706	26,2361	
0,2702	26,233	
0,2704	25,9071	
0,2704	25,9071	
0,2704	25,9071	
0,2704	25,9071	
0,2704	25,9071	
0,2704	25,9071	
0,2701	25,9064	
0,2701	25,9064	
0,2701	25,9064	
0,2701	25,9064	
0,2701	25,9064	
0,2698	25,9053	
0,2698	25,9053	
0,2698	25,9053	
0,2698	25,9053	
0,2694	25,9038	
0,2694	25,9038	
0,2694	25,9038	
0,269	25,9018	
0,269	25,9018	
0,2686	25,8991	
0,2728	25,3676	
0,2728	25,3676	
0,2728	25,3676	
0,2728	25,3676	
0,2728	25,3676	
0,2728	25,3676	
0,2728	25,3668	
0,2728	25,3668	
0,2728	25,3668	
0,2728	25,3668	
0,2728	25,3668	
0,2727	25,3658	
0,2727	25,3658	
0,2727	25,3658	
0,2727	25,3658	
0,2725	25,3644	
0,2725	25,3644	
0,2725	25,3644	
0,2723	25,3625	
0,2723	25,3625	
0,272	25,3599	
0,2997	24,5718	
0,2997	24,5718	
0,2997	24,5718	
0,2997	24,5718	
0,2997	24,5718	
0,2997	24,5718	
0,2996	24,5712	
0,2996	24,5712	
0,2996	24,5712	
0,2996	24,5712	
0,2996	24,5712	
0,2995	24,5704	
0,2995	24,5704	
0,2995	24,5704	
0,2995	24,5704	
0,2993	24,5692	
0,2993	24,5692	
0,2993	24,5692	
0,2991	24,5676	
0,2991	24,5676	
0,2989	24,5656	
1,286	24,9149	
1,0881	25,3561	
1,0881	25,3561	
1,091	25,3485	
0,8931	25,7228	
0,8931	25,7228	
0,8931	25,7228	
0,8962	25,7161	
0,8962	25,7161	
0,899	25,7089	
0,6998	26,0081	
0,6998	26,0081	
0,6998	26,0081	
0,6998	26,0081	
0,7026	26,0026	
0,7026	26,0026	
0,7026	26,0026	
0,7054	25,9964	
0,7054	25,9964	
0,7085	25,989	
0,5138	26,1916	
0,5138	26,1916	
0,5138	26,1916	
0,5138	26,1916	
0,5138	26,1916	
0,5164	26,187	
0,5164	26,187	
0,5164	26,187	
0,5164	26,187	
0,5191	26,182	
0,5191	26,182	
0,5191	26,182	
0,522	26,1759	
0,522	26,1759	
0,525	26,1686	
0,3055	26,2799	
0,3055	26,2799	
0,3055	26,2799	
0,3055	26,2799	
0,3055	26,2799	
0,3055	26,2799	
0,3056	26,2785	
0,3056	26,2785	
0,3056	26,2785	
0,3056	26,2785	
0,3056	26,2785	
0,3058	26,2766	
0,3058	26,2766	
0,3058	26,2766	
0,3058	26,2766	
0,306	26,2741	
0,306	26,2741	
0,306	26,2741	
0,3063	26,2708	
0,3063	26,2708	
0,3083	26,265	
0,2857	26,0296	
0,2857	26,0296	
0,2857	26,0296	
0,2857	26,0296	
0,2857	26,0296	
0,2857	26,0296	
0,2853	26,0288	
0,2853	26,0288	
0,2853	26,0288	
0,2853	26,0288	
0,2853	26,0288	
0,285	26,0277	
0,285	26,0277	
0,285	26,0277	
0,285	26,0277	
0,2845	26,026	
0,2845	26,026	
0,2845	26,026	
0,284	26,0238	
0,284	26,0238	
0,2835	26,0208	
0,2947	25,5642	
0,2947	25,5642	
0,2947	25,5642	
0,2947	25,5642	
0,2947	25,5642	
0,2947	25,5642	
0,2945	25,5635	
0,2945	25,5635	
0,2945	25,5635	
0,2945	25,5635	
0,2945	25,5635	
0,2942	25,5624	
0,2942	25,5624	
0,2942	25,5624	
0,2942	25,5624	
0,2938	25,561	
0,2938	25,561	
0,2938	25,561	
0,2934	25,559	
0,2934	25,559	
0,2929	25,5562	
1,0298	25,043	
0,8863	25,4568	
0,8863	25,4568	
0,8885	25,4495	
0,7499	25,7935	
0,7499	25,7935	
0,7499	25,7935	
0,7523	25,7872	
0,7523	25,7872	
0,7547	25,78	
0,6274	26,0402	
0,6274	26,0402	
0,6274	26,0402	
0,6274	26,0402	
0,6298	26,0349	
0,6298	26,0349	
0,6298	26,0349	
0,6321	26,029	
0,6321	26,029	
0,6345	26,0219	
0,4923	26,2116	
0,4923	26,2116	
0,4923	26,2116	
0,4923	26,2116	
0,4923	26,2116	
0,4945	26,2073	
0,4945	26,2073	
0,4945	26,2073	
0,4945	26,2073	
0,4968	26,2024	
0,4968	26,2024	
0,4968	26,2024	
0,4991	26,1965	
0,4991	26,1965	
0,5014	26,1896	
0,3426	26,2898	
0,3426	26,2898	
0,3426	26,2898	
0,3426	26,2898	
0,3426	26,2898	
0,3426	26,2898	
0,344	26,287	
0,344	26,287	
0,344	26,287	
0,344	26,287	
0,344	26,287	
0,3454	26,2836	
0,3454	26,2836	
0,3454	26,2836	
0,3454	26,2836	
0,3471	26,2794	
0,3471	26,2794	
0,3471	26,2794	
0,3491	26,274	
0,3491	26,274	
0,3512	26,2677	
0,3027	26,1206	
0,3027	26,1206	
0,3027	26,1206	
0,3027	26,1206	
0,3027	26,1206	
0,3027	26,1206	
0,3024	26,1197	
0,3024	26,1197	
0,3024	26,1197	
0,3024	26,1197	
0,3024	26,1197	
0,302	26,1183	
0,302	26,1183	
0,302	26,1183	
0,302	26,1183	
0,3016	26,1164	
0,3016	26,1164	
0,3016	26,1164	
0,3011	26,1138	
0,3011	26,1138	
0,3005	26,1103	
0,769	25,1518	
0,6926	25,5271	
0,6926	25,5271	
0,6944	25,5198	
0,6174	25,8324	
0,6174	25,8324	
0,6174	25,8324	
0,6192	25,8263	
0,6192	25,8263	
0,621	25,8194	
0,5391	26,0677	
0,5391	26,0677	
0,5391	26,0677	
0,5391	26,0677	
0,541	26,0626	
0,541	26,0626	
0,541	26,0626	
0,5427	26,057	
0,5427	26,057	
0,5444	26,0501	
0,4544	26,227	
0,4544	26,227	
0,4544	26,227	
0,4544	26,227	
0,4544	26,227	
0,4562	26,2229	
0,4562	26,2229	
0,4562	26,2229	
0,4562	26,2229	
0,458	26,2182	
0,458	26,2182	
0,458	26,2182	
0,4597	26,2126	
0,4597	26,2126	
0,4613	26,2059	
0,3702	26,287	
0,3702	26,287	
0,3702	26,287	
0,3702	26,287	
0,3702	26,287	
0,3702	26,287	
0,3714	26,2841	
0,3714	26,2841	
0,3714	26,2841	
0,3714	26,2841	
0,3714	26,2841	
0,3727	26,2807	
0,3727	26,2807	
0,3727	26,2807	
0,3727	26,2807	
0,3742	26,2765	
0,3742	26,2765	
0,3742	26,2765	
0,3758	26,2711	
0,3758	26,2711	
0,3775	26,2646	
0,5383	25,2083	
0,5046	25,5703	
0,5046	25,5703	
0,5057	25,5633	
0,4702	25,8651	
0,4702	25,8651	
0,4702	25,8651	
0,4715	25,8592	
0,4715	25,8592	
0,4725	25,8525	
0,4353	26,0896	
0,4353	26,0896	
0,4353	26,0896	
0,4353	26,0896	
0,4366	26,0847	
0,4366	26,0847	
0,4366	26,0847	
0,4378	26,0792	
0,4378	26,0792	
0,4388	26,0726	
0,3992	26,2372	
0,3992	26,2372	
0,3992	26,2372	
0,3992	26,2372	
0,3992	26,2372	
0,4006	26,2332	
0,4006	26,2332	
0,4006	26,2332	
0,4006	26,2332	
0,4018	26,2288	
0,4018	26,2288	
0,4018	26,2288	
0,403	26,2234	
0,403	26,2234	
0,4038	26,2169	
0,3048	25,2524	
0,3132	25,6014	
0,3132	25,6014	
0,3144	25,5939	
0,3223	25,8822	
0,3223	25,8822	
0,3223	25,8822	
0,3234	25,8761	
0,3234	25,8761	
0,3245	25,8689	
0,3327	26,0923	
0,3327	26,0923	
0,3327	26,0923	
0,3327	26,0923	
0,3337	26,0874	
0,3337	26,0874	
0,3337	26,0874	
0,3348	26,0817	
0,3348	26,0817	
0,3359	26,0744	
0,1777	25,16	
0,2014	25,5245	
0,2014	25,5245	
0,2002	25,5188	
0,2256	25,8212	
0,2256	25,8212	
0,2256	25,8212	
0,2246	25,8167	
0,2246	25,8167	
0,2235	25,8112	
0,1286	24,9632	
0,145	25,3665	
0,145	25,3665	
0,1429	25,3612	
0,0898	24,7252	
1,6389	24,9244	
1,379	25,4131	
1,379	25,4131	
1,3827	25,4047	
1,1169	25,8257	
1,1169	25,8257	
1,1169	25,8257	
1,1207	25,8184	
1,1207	25,8184	
1,1245	25,8103	
0,8448	26,1588	
0,8448	26,1588	
0,8448	26,1588	
0,8448	26,1588	
0,8486	26,1524	
0,8486	26,1524	
0,8486	26,1524	
0,8523	26,1455	
0,8523	26,1455	
0,8562	26,1373	
0,5674	26,3885	
0,5674	26,3885	
0,5674	26,3885	
0,5674	26,3885	
0,5674	26,3885	
0,5706	26,3834	
0,5706	26,3834	
0,5706	26,3834	
0,5706	26,3834	
0,5739	26,3778	
0,5739	26,3778	
0,5739	26,3778	
0,5776	26,3711	
0,5776	26,3711	
0,5815	26,3631	
0,2911	26,4805	
0,2911	26,4805	
0,2911	26,4805	
0,2911	26,4805	
0,2911	26,4805	
0,2911	26,4805	
0,2907	26,4795	
0,2907	26,4795	
0,2907	26,4795	
0,2907	26,4795	
0,2907	26,4795	
0,2904	26,4782	
0,2904	26,4782	
0,2904	26,4782	
0,2904	26,4782	
0,29	26,4764	
0,29	26,4764	
0,29	26,4764	
0,2897	26,4739	
0,2897	26,4739	
0,2892	26,4707	
0,2874	26,1268	
0,2874	26,1268	
0,2874	26,1268	
0,2874	26,1268	
0,2874	26,1268	
0,2874	26,1268	
0,2871	26,1261	
0,2871	26,1261	
0,2871	26,1261	
0,2871	26,1261	
0,2871	26,1261	
0,2868	26,125	
0,2868	26,125	
0,2868	26,125	
0,2868	26,125	
0,2864	26,1234	
0,2864	26,1234	
0,2864	26,1234	
0,286	26,1213	
0,286	26,1213	
0,2854	26,1184	
0,2898	25,5581	
0,2898	25,5581	
0,2898	25,5581	
0,2898	25,5581	
0,2898	25,5581	
0,2898	25,5581	
0,2897	25,5573	
0,2897	25,5573	
0,2897	25,5573	
0,2897	25,5573	
0,2897	25,5573	
0,2895	25,5562	
0,2895	25,5562	
0,2895	25,5562	
0,2895	25,5562	
0,2894	25,5547	
0,2894	25,5547	
0,2894	25,5547	
0,2892	25,5528	
0,2892	25,5528	
0,2888	25,5501	
0,3146	24,7285	
0,3146	24,7285	
0,3146	24,7285	
0,3146	24,7285	
0,3146	24,7285	
0,3146	24,7285	
0,3146	24,7278	
0,3146	24,7278	
0,3146	24,7278	
0,3146	24,7278	
0,3146	24,7278	
0,3145	24,727	
0,3145	24,727	
0,3145	24,727	
0,3145	24,727	
0,3143	24,7258	
0,3143	24,7258	
0,3143	24,7258	
0,3141	24,7241	
0,3141	24,7241	
0,3138	24,722	
0,3395	23,6501	
0,3395	23,6501	
0,3395	23,6501	
0,3395	23,6501	
0,3395	23,6501	
0,3395	23,6501	
0,3394	23,6496	
0,3394	23,6496	
0,3394	23,6496	
0,3394	23,6496	
0,3394	23,6496	
0,3393	23,6489	
0,3393	23,6489	
0,3393	23,6489	
0,3393	23,6489	
0,3392	23,648	
0,3392	23,648	
0,3392	23,648	
0,339	23,6468	
0,339	23,6468	
0,3388	23,6452	
1,3591	25,0844	
1,1576	25,5433	
1,1576	25,5433	
1,1606	25,5353	
0,9565	25,9263	
0,9565	25,9263	
0,9565	25,9263	
0,9596	25,9194	
0,9596	25,9194	
0,9626	25,9118	
0,7562	26,2242	
0,7562	26,2242	
0,7562	26,2242	
0,7562	26,2242	
0,7591	26,2184	
0,7591	26,2184	
0,7591	26,2184	
0,7621	26,2119	
0,7621	26,2119	
0,7652	26,2041	
0,5598	26,4175	
0,5598	26,4175	
0,5598	26,4175	
0,5598	26,4175	
0,5598	26,4175	
0,5626	26,4126	
0,5626	26,4126	
0,5626	26,4126	
0,5626	26,4126	
0,5654	26,4073	
0,5654	26,4073	
0,5654	26,4073	
0,5684	26,4008	
0,5684	26,4008	
0,5716	26,3932	
0,3293	26,5198	
0,3293	26,5198	
0,3293	26,5198	
0,3293	26,5198	
0,3293	26,5198	
0,3293	26,5198	
0,3299	26,5178	
0,3299	26,5178	
0,3299	26,5178	
0,3299	26,5178	
0,3299	26,5178	
0,3325	26,5134	
0,3325	26,5134	
0,3325	26,5134	
0,3325	26,5134	
0,3353	26,5082	
0,3353	26,5082	
0,3353	26,5082	
0,3383	26,5019	
0,3383	26,5019	
0,3413	26,4949	
0,3046	26,2573	
0,3046	26,2573	
0,3046	26,2573	
0,3046	26,2573	
0,3046	26,2573	
0,3046	26,2573	
0,3042	26,2564	
0,3042	26,2564	
0,3042	26,2564	
0,3042	26,2564	
0,3042	26,2564	
0,3038	26,2552	
0,3038	26,2552	
0,3038	26,2552	
0,3038	26,2552	
0,3034	26,2534	
0,3034	26,2534	
0,3034	26,2534	
0,3028	26,2511	
0,3028	26,2511	
0,3022	26,2479	
0,312	25,7673	
0,312	25,7673	
0,312	25,7673	
0,312	25,7673	
0,312	25,7673	
0,312	25,7673	
0,3117	25,7665	
0,3117	25,7665	
0,3117	25,7665	
0,3117	25,7665	
0,3117	25,7665	
0,3114	25,7654	
0,3114	25,7654	
0,3114	25,7654	
0,3114	25,7654	
0,311	25,7639	
0,311	25,7639	
0,311	25,7639	
0,3106	25,7618	
0,3106	25,7618	
0,31	25,7589	
0,3236	25,0438	
0,3236	25,0438	
0,3236	25,0438	
0,3236	25,0438	
0,3236	25,0438	
0,3236	25,0438	
0,3235	25,043	
0,3235	25,043	
0,3235	25,043	
0,3235	25,043	
0,3235	25,043	
0,3234	25,042	
0,3234	25,042	
0,3234	25,042	
0,3234	25,042	
0,3232	25,0406	
0,3232	25,0406	
0,3232	25,0406	
0,323	25,0388	
0,323	25,0388	
0,3226	25,0363	
1,0932	25,2173	
0,9478	25,6483	
0,9478	25,6483	
0,95	25,6407	
0,8081	26,0001	
0,8081	26,0001	
0,8081	26,0001	
0,8106	25,9935	
0,8106	25,9935	
0,813	25,986	
0,6805	26,2594	
0,6805	26,2594	
0,6805	26,2594	
0,6805	26,2594	
0,6829	26,2539	
0,6829	26,2539	
0,6829	26,2539	
0,6853	26,2476	
0,6853	26,2476	
0,6878	26,2401	
0,5379	26,4401	
0,5379	26,4401	
0,5379	26,4401	
0,5379	26,4401	
0,5379	26,4401	
0,5402	26,4355	
0,5402	26,4355	
0,5402	26,4355	
0,5402	26,4355	
0,5426	26,4303	
0,5426	26,4303	
0,5426	26,4303	
0,545	26,4242	
0,545	26,4242	
0,5474	26,4168	
0,3711	26,5301	
0,3711	26,5301	
0,3711	26,5301	
0,3711	26,5301	
0,3711	26,5301	
0,3711	26,5301	
0,3731	26,5265	
0,3731	26,5265	
0,3731	26,5265	
0,3731	26,5265	
0,3731	26,5265	
0,3752	26,5224	
0,3752	26,5224	
0,3752	26,5224	
0,3752	26,5224	
0,3776	26,5174	
0,3776	26,5174	
0,3776	26,5174	
0,3799	26,5114	
0,3799	26,5114	
0,3821	26,5047	
0,3241	26,3542	
0,3241	26,3542	
0,3241	26,3542	
0,3241	26,3542	
0,3241	26,3542	
0,3241	26,3542	
0,3237	26,3532	
0,3237	26,3532	
0,3237	26,3532	
0,3237	26,3532	
0,3237	26,3532	
0,3233	26,3517	
0,3233	26,3517	
0,3233	26,3517	
0,3233	26,3517	
0,3229	26,3497	
0,3229	26,3497	
0,3229	26,3497	
0,3223	26,347	
0,3223	26,347	
0,3217	26,3433	
0,3308	25,9433	
0,3308	25,9433	
0,3308	25,9433	
0,3308	25,9433	
0,3308	25,9433	
0,3308	25,9433	
0,3305	25,9424	
0,3305	25,9424	
0,3305	25,9424	
0,3305	25,9424	
0,3305	25,9424	
0,3301	25,9412	
0,3301	25,9412	
0,3301	25,9412	
0,3301	25,9412	
0,3296	25,9395	
0,3296	25,9395	
0,3296	25,9395	
0,3291	25,9371	
0,3291	25,9371	
0,3284	25,9339	
0,8221	25,3309	
0,7457	25,7225	
0,7457	25,7225	
0,7475	25,7149	
0,669	26,0426	
0,669	26,0426	
0,669	26,0426	
0,6709	26,0362	
0,6709	26,0362	
0,6727	26,029	
0,5879	26,2902	
0,5879	26,2902	
0,5879	26,2902	
0,5879	26,2902	
0,5898	26,2849	
0,5898	26,2849	
0,5898	26,2849	
0,5916	26,2789	
0,5916	26,2789	
0,5934	26,2716	
0,4987	26,4583	
0,4987	26,4583	
0,4987	26,4583	
0,4987	26,4583	
0,4987	26,4583	
0,5006	26,4539	
0,5006	26,4539	
0,5006	26,4539	
0,5006	26,4539	
0,5024	26,449	
0,5024	26,449	
0,5024	26,449	
0,5042	26,443	
0,5042	26,443	
0,5059	26,436	
0,4007	26,5297	
0,4007	26,5297	
0,4007	26,5297	
0,4007	26,5297	
0,4007	26,5297	
0,4007	26,5297	
0,402	26,5267	
0,402	26,5267	
0,402	26,5267	
0,402	26,5267	
0,402	26,5267	
0,4033	26,5231	
0,4033	26,5231	
0,4033	26,5231	
0,4033	26,5231	
0,4049	26,5186	
0,4049	26,5186	
0,4049	26,5186	
0,4066	26,5129	
0,4066	26,5129	
0,4083	26,506	
0,3666	26,4038	
0,3666	26,4038	
0,3666	26,4038	
0,3666	26,4038	
0,3666	26,4038	
0,3666	26,4038	
0,3666	26,4023	
0,3666	26,4023	
0,3666	26,4023	
0,3666	26,4023	
0,3666	26,4023	
0,3666	26,4002	
0,3666	26,4002	
0,3666	26,4002	
0,3666	26,4002	
0,3666	26,3974	
0,3666	26,3974	
0,3666	26,3974	
0,3666	26,3938	
0,3666	26,3938	
0,3665	26,389	
0,5799	25,3915	
0,5475	25,77	
0,5475	25,77	
0,5486	25,7626	
0,5136	26,0792	
0,5136	26,0792	
0,5136	26,0792	
0,5149	26,073	
0,5149	26,073	
0,516	26,066	
0,4783	26,3156	
0,4783	26,3156	
0,4783	26,3156	
0,4783	26,3156	
0,4797	26,3104	
0,4797	26,3104	
0,4797	26,3104	
0,4809	26,3046	
0,4809	26,3046	
0,4819	26,2976	
0,4409	26,4714	
0,4409	26,4714	
0,4409	26,4714	
0,4409	26,4714	
0,4409	26,4714	
0,4423	26,4672	
0,4423	26,4672	
0,4423	26,4672	
0,4423	26,4672	
0,4436	26,4625	
0,4436	26,4625	
0,4436	26,4625	
0,4448	26,4568	
0,4448	26,4568	
0,4456	26,45	
0,4086	26,5248	
0,4086	26,5248	
0,4086	26,5248	
0,4086	26,5248	
0,4086	26,5248	
0,4086	26,5248	
0,4097	26,5218	
0,4097	26,5218	
0,4097	26,5218	
0,4097	26,5218	
0,4097	26,5218	
0,4108	26,5182	
0,4108	26,5182	
0,4108	26,5182	
0,4108	26,5182	
0,4121	26,5136	
0,4121	26,5136	
0,4121	26,5136	
0,4134	26,5078	
0,4134	26,5078	
0,4147	26,5009	
0,3333	25,4405	
0,341	25,8092	
0,341	25,8092	
0,3414	25,802	
0,3481	26,1086	
0,3481	26,1086	
0,3481	26,1086	
0,3491	26,1023	
0,3491	26,1023	
0,3503	26,0947	
0,3604	26,3303	
0,3604	26,3303	
0,3604	26,3303	
0,3604	26,3303	
0,3615	26,3251	
0,3615	26,3251	
0,3615	26,3251	
0,3625	26,3191	
0,3625	26,3191	
0,3636	26,3114	
0,3754	26,4705	
0,3754	26,4705	
0,3754	26,4705	
0,3754	26,4705	
0,3754	26,4705	
0,3764	26,4664	
0,3764	26,4664	
0,3764	26,4664	
0,3764	26,4664	
0,3774	26,4617	
0,3774	26,4617	
0,3774	26,4617	
0,3785	26,4556	
0,3785	26,4556	
0,3794	26,448	
0,1918	25,3541	
0,2181	25,7361	
0,2181	25,7361	
0,2168	25,7302	
0,2449	26,0482	
0,2449	26,0482	
0,2449	26,0482	
0,2439	26,0435	
0,2439	26,0435	
0,2427	26,0377	
0,2733	26,2875	
0,2733	26,2875	
0,2733	26,2875	
0,2733	26,2875	
0,2725	26,2839	
0,2725	26,2839	
0,2725	26,2839	
0,2716	26,2793	
0,2716	26,2793	
0,2705	26,2733	
0,1388	25,1517	
0,1571	25,5743	
0,1571	25,5743	
0,1549	25,5688	
0,179	25,9244	
0,179	25,9244	
0,179	25,9244	
0,177	25,9201	
0,177	25,9201	
0,1749	25,9147	
0,0986	24,9079	
0,1201	25,3604	
0,1201	25,3604	
0,1176	25,3545	
0,0613	24,6055	
1,7019	25,0326	
1,4404	25,5321	
1,4404	25,5321	
1,4442	25,5235	
1,1742	25,955	
1,1742	25,955	
1,1742	25,955	
1,1781	25,9474	
1,1781	25,9474	
1,1819	25,9391	
0,8961	26,2964	
0,8961	26,2964	
0,8961	26,2964	
0,8961	26,2964	
0,90	26,2899	
0,90	26,2899	
0,90	26,2899	
0,9038	26,2827	
0,9038	26,2827	
0,9078	26,2743	
0,6135	26,5289	
0,6135	26,5289	
0,6135	26,5289	
0,6135	26,5289	
0,6135	26,5289	
0,6168	26,5236	
0,6168	26,5236	
0,6168	26,5236	
0,6168	26,5236	
0,6201	26,5178	
0,6201	26,5178	
0,6201	26,5178	
0,6239	26,5109	
0,6239	26,5109	
0,6279	26,5027	
0,3127	26,6368	
0,3127	26,6368	
0,3127	26,6368	
0,3127	26,6368	
0,3127	26,6368	
0,3127	26,6368	
0,3124	26,6358	
0,3124	26,6358	
0,3124	26,6358	
0,3124	26,6358	
0,3124	26,6358	
0,312	26,6345	
0,312	26,6345	
0,312	26,6345	
0,312	26,6345	
0,3116	26,6326	
0,3116	26,6326	
0,3116	26,6326	
0,3112	26,63	
0,3112	26,63	
0,3144	26,6231	
0,3059	26,2713	
0,3059	26,2713	
0,3059	26,2713	
0,3059	26,2713	
0,3059	26,2713	
0,3059	26,2713	
0,3056	26,2705	
0,3056	26,2705	
0,3056	26,2705	
0,3056	26,2705	
0,3056	26,2705	
0,3052	26,2694	
0,3052	26,2694	
0,3052	26,2694	
0,3052	26,2694	
0,3048	26,2677	
0,3048	26,2677	
0,3048	26,2677	
0,3044	26,2656	
0,3044	26,2656	
0,3038	26,2626	
0,3066	25,6831	
0,3066	25,6831	
0,3066	25,6831	
0,3066	25,6831	
0,3066	25,6831	
0,3066	25,6831	
0,3065	25,6823	
0,3065	25,6823	
0,3065	25,6823	
0,3065	25,6823	
0,3065	25,6823	
0,3064	25,6811	
0,3064	25,6811	
0,3064	25,6811	
0,3064	25,6811	
0,3062	25,6796	
0,3062	25,6796	
0,3062	25,6796	
0,3059	25,6776	
0,3059	25,6776	
0,3056	25,6748	
0,3291	24,8303	
0,3291	24,8303	
0,3291	24,8303	
0,3291	24,8303	
0,3291	24,8303	
0,3291	24,8303	
0,329	24,8296	
0,329	24,8296	
0,329	24,8296	
0,329	24,8296	
0,329	24,8296	
0,3289	24,8288	
0,3289	24,8288	
0,3289	24,8288	
0,3289	24,8288	
0,3287	24,8275	
0,3287	24,8275	
0,3287	24,8275	
0,3285	24,8259	
0,3285	24,8259	
0,3282	24,8237	
0,3511	23,7279	
0,3511	23,7279	
0,3511	23,7279	
0,3511	23,7279	
0,3511	23,7279	
0,3511	23,7279	
0,3511	23,7275	
0,3511	23,7275	
0,3511	23,7275	
0,3511	23,7275	
0,3511	23,7275	
0,351	23,7268	
0,351	23,7268	
0,351	23,7268	
0,351	23,7268	
0,3508	23,7259	
0,3508	23,7259	
0,3508	23,7259	
0,3507	23,7246	
0,3507	23,7246	
0,3504	23,723	
0,3707	22,395	
0,3707	22,395	
0,3707	22,395	
0,3707	22,395	
0,3707	22,395	
0,3707	22,395	
0,3706	22,3947	
0,3706	22,3947	
0,3706	22,3947	
0,3706	22,3947	
0,3706	22,3947	
0,3705	22,3942	
0,3705	22,3942	
0,3705	22,3942	
0,3705	22,3942	
0,3704	22,3936	
0,3704	22,3936	
0,3704	22,3936	
0,3703	22,3927	
0,3703	22,3927	
0,3701	22,3914	
1,4162	25,1951	
1,214	25,6649	
1,214	25,6649	
1,2169	25,6567	
1,0107	26,0576	
1,0107	26,0576	
1,0107	26,0576	
1,0138	26,0505	
1,0138	26,0505	
1,0168	26,0426	
0,8095	26,3602	
0,8095	26,3602	
0,8095	26,3602	
0,8095	26,3602	
0,8125	26,3542	
0,8125	26,3542	
0,8125	26,3542	
0,8155	26,3476	
0,8155	26,3476	
0,8188	26,3395	
0,6063	26,5599	
0,6063	26,5599	
0,6063	26,5599	
0,6063	26,5599	
0,6063	26,5599	
0,6091	26,5549	
0,6091	26,5549	
0,6091	26,5549	
0,6091	26,5549	
0,612	26,5494	
0,612	26,5494	
0,612	26,5494	
0,6151	26,5428	
0,6151	26,5428	
0,6183	26,5349	
0,364	26,6679	
0,364	26,6679	
0,364	26,6679	
0,364	26,6679	
0,364	26,6679	
0,364	26,6679	
0,3667	26,6638	
0,3667	26,6638	
0,3667	26,6638	
0,3667	26,6638	
0,3667	26,6638	
0,3693	26,6593	
0,3693	26,6593	
0,3693	26,6593	
0,3693	26,6593	
0,3722	26,6539	
0,3722	26,6539	
0,3722	26,6539	
0,3753	26,6474	
0,3753	26,6474	
0,3783	26,6401	
0,3248	26,4074	
0,3248	26,4074	
0,3248	26,4074	
0,3248	26,4074	
0,3248	26,4074	
0,3248	26,4074	
0,3244	26,4065	
0,3244	26,4065	
0,3244	26,4065	
0,3244	26,4065	
0,3244	26,4065	
0,324	26,4052	
0,324	26,4052	
0,324	26,4052	
0,324	26,4052	
0,3235	26,4034	
0,3235	26,4034	
0,3235	26,4034	
0,3229	26,401	
0,3229	26,401	
0,3223	26,3977	
0,3301	25,9004	
0,3301	25,9004	
0,3301	25,9004	
0,3301	25,9004	
0,3301	25,9004	
0,3301	25,9004	
0,3298	25,8996	
0,3298	25,8996	
0,3298	25,8996	
0,3298	25,8996	
0,3298	25,8996	
0,3295	25,8984	
0,3295	25,8984	
0,3295	25,8984	
0,3295	25,8984	
0,3291	25,8969	
0,3291	25,8969	
0,3291	25,8969	
0,3286	25,8947	
0,3286	25,8947	
0,328	25,8918	
0,3396	25,1547	
0,3396	25,1547	
0,3396	25,1547	
0,3396	25,1547	
0,3396	25,1547	
0,3396	25,1547	
0,3395	25,1539	
0,3395	25,1539	
0,3395	25,1539	
0,3395	25,1539	
0,3395	25,1539	
0,3394	25,1529	
0,3394	25,1529	
0,3394	25,1529	
0,3394	25,1529	
0,3392	25,1515	
0,3392	25,1515	
0,3392	25,1515	
0,3389	25,1495	
0,3389	25,1495	
0,3385	25,147	
0,3677	24,1402	
0,3677	24,1402	
0,3677	24,1402	
0,3677	24,1402	
0,3677	24,1402	
0,3677	24,1402	
0,3677	24,1396	
0,3677	24,1396	
0,3677	24,1396	
0,3677	24,1396	
0,3677	24,1396	
0,3675	24,1388	
0,3675	24,1388	
0,3675	24,1388	
0,3675	24,1388	
0,3674	24,1377	
0,3674	24,1377	
0,3674	24,1377	
0,3671	24,1363	
0,3671	24,1363	
0,3668	24,1343	
1,1457	25,3293	
1,00	25,7715	
1,00	25,7715	
1,0023	25,7636	
0,8621	26,1302	
0,8621	26,1302	
0,8621	26,1302	
0,8646	26,1233	
0,8646	26,1233	
0,8671	26,1156	
0,7316	26,3978	
0,7316	26,3978	
0,7316	26,3978	
0,7316	26,3978	
0,7341	26,392	
0,7341	26,392	
0,7341	26,392	
0,7365	26,3856	
0,7365	26,3856	
0,739	26,3778	
0,5841	26,5846	
0,5841	26,5846	
0,5841	26,5846	
0,5841	26,5846	
0,5841	26,5846	
0,5865	26,5798	
0,5865	26,5798	
0,5865	26,5798	
0,5865	26,5798	
0,5889	26,5745	
0,5889	26,5745	
0,5889	26,5745	
0,5914	26,5681	
0,5914	26,5681	
0,5938	26,5605	
0,4099	26,678	
0,4099	26,678	
0,4099	26,678	
0,4099	26,678	
0,4099	26,678	
0,4099	26,678	
0,4121	26,6741	
0,4121	26,6741	
0,4121	26,6741	
0,4121	26,6741	
0,4121	26,6741	
0,4144	26,6698	
0,4144	26,6698	
0,4144	26,6698	
0,4144	26,6698	
0,4168	26,6646	
0,4168	26,6646	
0,4168	26,6646	
0,4192	26,6585	
0,4192	26,6585	
0,4214	26,6515	
0,3472	26,5076	
0,3472	26,5076	
0,3472	26,5076	
0,3472	26,5076	
0,3472	26,5076	
0,3472	26,5076	
0,3468	26,5065	
0,3468	26,5065	
0,3468	26,5065	
0,3468	26,5065	
0,3468	26,5065	
0,3464	26,505	
0,3464	26,505	
0,3464	26,505	
0,3464	26,505	
0,3461	26,5027	
0,3461	26,5027	
0,3461	26,5027	
0,3463	26,4992	
0,3463	26,4992	
0,3465	26,4945	
0,3508	26,0829	
0,3508	26,0829	
0,3508	26,0829	
0,3508	26,0829	
0,3508	26,0829	
0,3508	26,0829	
0,3504	26,082	
0,3504	26,082	
0,3504	26,082	
0,3504	26,082	
0,3504	26,082	
0,35	26,0807	
0,35	26,0807	
0,35	26,0807	
0,35	26,0807	
0,3496	26,0789	
0,3496	26,0789	
0,3496	26,0789	
0,349	26,0765	
0,349	26,0765	
0,3483	26,0731	
0,3682	25,4205	
0,3682	25,4205	
0,3682	25,4205	
0,3682	25,4205	
0,3682	25,4205	
0,3682	25,4205	
0,3679	25,4197	
0,3679	25,4197	
0,3679	25,4197	
0,3679	25,4197	
0,3679	25,4197	
0,3676	25,4186	
0,3676	25,4186	
0,3676	25,4186	
0,3676	25,4186	
0,3672	25,4171	
0,3672	25,4171	
0,3672	25,4171	
0,3668	25,415	
0,3668	25,415	
0,3662	25,4122	
0,8682	25,4455	
0,7953	25,8455	
0,7953	25,8455	
0,7971	25,8376	
0,7185	26,1754	
0,7185	26,1754	
0,7185	26,1754	
0,7205	26,1687	
0,7205	26,1687	
0,7222	26,1613	
0,6361	26,431	
0,6361	26,431	
0,6361	26,431	
0,6361	26,431	
0,6381	26,4255	
0,6381	26,4255	
0,6381	26,4255	
0,6399	26,4193	
0,6399	26,4193	
0,6417	26,4118	
0,5442	26,6049	
0,5442	26,6049	
0,5442	26,6049	
0,5442	26,6049	
0,5442	26,6049	
0,5461	26,6004	
0,5461	26,6004	
0,5461	26,6004	
0,5461	26,6004	
0,548	26,5953	
0,548	26,5953	
0,548	26,5953	
0,5498	26,5892	
0,5498	26,5892	
0,5514	26,5819	
0,437	26,6837	
0,437	26,6837	
0,437	26,6837	
0,437	26,6837	
0,437	26,6837	
0,437	26,6837	
0,4389	26,68	
0,4389	26,68	
0,4389	26,68	
0,4389	26,68	
0,4389	26,68	
0,4407	26,6759	
0,4407	26,6759	
0,4407	26,6759	
0,4407	26,6759	
0,4425	26,671	
0,4425	26,671	
0,4425	26,671	
0,4442	26,6651	
0,4442	26,6651	
0,4456	26,6584	
0,3949	26,5581	
0,3949	26,5581	
0,3949	26,5581	
0,3949	26,5581	
0,3949	26,5581	
0,3949	26,5581	
0,3949	26,5565	
0,3949	26,5565	
0,3949	26,5565	
0,3949	26,5565	
0,3949	26,5565	
0,3949	26,5543	
0,3949	26,5543	
0,3949	26,5543	
0,3949	26,5543	
0,3949	26,5514	
0,3949	26,5514	
0,3949	26,5514	
0,3948	26,5477	
0,3948	26,5477	
0,3947	26,5427	
0,378	26,2342	
0,378	26,2342	
0,378	26,2342	
0,378	26,2342	
0,378	26,2342	
0,378	26,2342	
0,3777	26,2331	
0,3777	26,2331	
0,3777	26,2331	
0,3777	26,2331	
0,3777	26,2331	
0,3772	26,2316	
0,3772	26,2316	
0,3772	26,2316	
0,3772	26,2316	
0,3767	26,2295	
0,3767	26,2295	
0,3767	26,2295	
0,3765	26,2263	
0,3765	26,2263	
0,3764	26,2217	
0,6203	25,5068	
0,5899	25,8961	
0,5899	25,8961	
0,591	25,8885	
0,5573	26,215	
0,5573	26,215	
0,5573	26,215	
0,5586	26,2086	
0,5586	26,2086	
0,5596	26,2013	
0,5225	26,4591	
0,5225	26,4591	
0,5225	26,4591	
0,5225	26,4591	
0,5239	26,4538	
0,5239	26,4538	
0,5239	26,4538	
0,5251	26,4478	
0,5251	26,4478	
0,5261	26,4406	
0,4846	26,6204	
0,4846	26,6204	
0,4846	26,6204	
0,4846	26,6204	
0,4846	26,6204	
0,4861	26,6161	
0,4861	26,6161	
0,4861	26,6161	
0,4861	26,6161	
0,4874	26,6112	
0,4874	26,6112	
0,4874	26,6112	
0,4885	26,6053	
0,4885	26,6053	
0,4893	26,5983	
0,4423	26,6844	
0,4423	26,6844	
0,4423	26,6844	
0,4423	26,6844	
0,4423	26,6844	
0,4423	26,6844	
0,4434	26,6813	
0,4434	26,6813	
0,4434	26,6813	
0,4434	26,6813	
0,4434	26,6813	
0,4448	26,6773	
0,4448	26,6773	
0,4448	26,6773	
0,4448	26,6773	
0,446	26,6726	
0,446	26,6726	
0,446	26,6726	
0,4472	26,6667	
0,4472	26,6667	
0,4485	26,6596	
0,4293	26,5919	
0,4293	26,5919	
0,4293	26,5919	
0,4293	26,5919	
0,4293	26,5919	
0,4293	26,5919	
0,4303	26,5891	
0,4303	26,5891	
0,4303	26,5891	
0,4303	26,5891	
0,4303	26,5891	
0,4314	26,5855	
0,4314	26,5855	
0,4314	26,5855	
0,4314	26,5855	
0,4326	26,5809	
0,4326	26,5809	
0,4326	26,5809	
0,4338	26,5755	
0,4338	26,5755	
0,4349	26,5686	
0,3646	25,5591	
0,3753	25,9386	
0,3753	25,9386	
0,3757	25,9312	
0,3851	26,2474	
0,3851	26,2474	
0,3851	26,2474	
0,3858	26,2412	
0,3858	26,2412	
0,386	26,2342	
0,3953	26,481	
0,3953	26,481	
0,3953	26,481	
0,3953	26,481	
0,3962	26,4758	
0,3962	26,4758	
0,3962	26,4758	
0,3968	26,4701	
0,3968	26,4701	
0,3969	26,4631	
0,4076	26,6307	
0,4076	26,6307	
0,4076	26,6307	
0,4076	26,6307	
0,4076	26,6307	
0,4087	26,6265	
0,4087	26,6265	
0,4087	26,6265	
0,4087	26,6265	
0,4095	26,6217	
0,4095	26,6217	
0,4095	26,6217	
0,4106	26,6154	
0,4106	26,6154	
0,4116	26,6075	
0,4282	26,6774	
0,4282	26,6774	
0,4282	26,6774	
0,4282	26,6774	
0,4282	26,6774	
0,4282	26,6774	
0,4292	26,6742	
0,4292	26,6742	
0,4292	26,6742	
0,4292	26,6742	
0,4292	26,6742	
0,4301	26,6704	
0,4301	26,6704	
0,4301	26,6704	
0,4301	26,6704	
0,4311	26,6655	
0,4311	26,6655	
0,4311	26,6655	
0,432	26,6594	
0,432	26,6594	
0,4328	26,6521	
0,2093	25,4807	
0,2384	25,8746	
0,2384	25,8746	
0,237	25,8684	
0,2678	26,1972	
0,2678	26,1972	
0,2678	26,1972	
0,2667	26,1924	
0,2667	26,1924	
0,2655	26,1863	
0,2988	26,4452	
0,2988	26,4452	
0,2988	26,4452	
0,2988	26,4452	
0,298	26,4414	
0,298	26,4414	
0,298	26,4414	
0,297	26,4367	
0,297	26,4367	
0,2958	26,4304	
0,3386	26,6058	
0,3386	26,6058	
0,3386	26,6058	
0,3386	26,6058	
0,3386	26,6058	
0,3394	26,6015	
0,3394	26,6015	
0,3394	26,6015	
0,3394	26,6015	
0,3401	26,5965	
0,3401	26,5965	
0,3401	26,5965	
0,3407	26,5901	
0,3407	26,5901	
0,3412	26,5821	
0,1514	25,277	
0,1718	25,7129	
0,1718	25,7129	
0,1694	25,7072	
0,1971	26,0738	
0,1971	26,0738	
0,1971	26,0738	
0,195	26,0694	
0,195	26,0694	
0,1928	26,0638	
0,2257	26,3593	
0,2257	26,3593	
0,2257	26,3593	
0,2257	26,3593	
0,2246	26,3554	
0,2246	26,3554	
0,2246	26,3554	
0,2233	26,3504	
0,2233	26,3504	
0,2218	26,3438	
0,11	25,0297	
0,1335	25,4961	
0,1335	25,4961	
0,131	25,4899	
0,1575	25,8924	
0,1575	25,8924	
0,1575	25,8924	
0,1553	25,8876	
0,1553	25,8876	
0,153	25,8815	
0,0682	24,7353	
0,0882	25,2406	
0,0882	25,2406	
0,0855	25,2341	
0,0573	24,4013	
1,7402	25,0787	
1,4817	25,5798	
1,4817	25,5798	
1,4855	25,5711	
1,2185	26,0028	
1,2185	26,0028	
1,2185	26,0028	
1,2224	25,9952	
1,2224	25,9952	
1,2262	25,9868	
0,9398	26,3459	
0,9398	26,3459	
0,9398	26,3459	
0,9398	26,3459	
0,9437	26,3393	
0,9437	26,3393	
0,9437	26,3393	
0,9475	26,3321	
0,9475	26,3321	
0,9515	26,3235	
0,6621	26,572	
0,6621	26,572	
0,6621	26,572	
0,6621	26,572	
0,6621	26,572	
0,6654	26,5667	
0,6654	26,5667	
0,6654	26,5667	
0,6654	26,5667	
0,6688	26,5608	
0,6688	26,5608	
0,6688	26,5608	
0,6726	26,5538	
0,6726	26,5538	
0,6765	26,5455	
0,3401	26,6967	
0,3401	26,6967	
0,3401	26,6967	
0,3401	26,6967	
0,3401	26,6967	
0,3401	26,6967	
0,3431	26,6923	
0,3431	26,6923	
0,3431	26,6923	
0,3431	26,6923	
0,3431	26,6923	
0,3463	26,6875	
0,3463	26,6875	
0,3463	26,6875	
0,3463	26,6875	
0,3497	26,6818	
0,3497	26,6818	
0,3497	26,6818	
0,3535	26,675	
0,3535	26,675	
0,3573	26,6673	
0,3273	26,3294	
0,3273	26,3294	
0,3273	26,3294	
0,3273	26,3294	
0,3273	26,3294	
0,3273	26,3294	
0,327	26,3286	
0,327	26,3286	
0,327	26,3286	
0,327	26,3286	
0,327	26,3286	
0,3266	26,3274	
0,3266	26,3274	
0,3266	26,3274	
0,3266	26,3274	
0,3262	26,3258	
0,3262	26,3258	
0,3262	26,3258	
0,3257	26,3236	
0,3257	26,3236	
0,3252	26,3206	
0,3242	25,7341	
0,3242	25,7341	
0,3242	25,7341	
0,3242	25,7341	
0,3242	25,7341	
0,3242	25,7341	
0,3241	25,7332	
0,3241	25,7332	
0,3241	25,7332	
0,3241	25,7332	
0,3241	25,7332	
0,324	25,732	
0,324	25,732	
0,324	25,732	
0,324	25,732	
0,3238	25,7305	
0,3238	25,7305	
0,3238	25,7305	
0,3236	25,7285	
0,3236	25,7285	
0,3232	25,7257	
0,3438	24,8712	
0,3438	24,8712	
0,3438	24,8712	
0,3438	24,8712	
0,3438	24,8712	
0,3438	24,8712	
0,3437	24,8706	
0,3437	24,8706	
0,3437	24,8706	
0,3437	24,8706	
0,3437	24,8706	
0,3436	24,8697	
0,3436	24,8697	
0,3436	24,8697	
0,3436	24,8697	
0,3434	24,8684	
0,3434	24,8684	
0,3434	24,8684	
0,3432	24,8668	
0,3432	24,8668	
0,3429	24,8646	
0,3627	23,7586	
0,3627	23,7586	
0,3627	23,7586	
0,3627	23,7586	
0,3627	23,7586	
0,3627	23,7586	
0,3626	23,7581	
0,3626	23,7581	
0,3626	23,7581	
0,3626	23,7581	
0,3626	23,7581	
0,3625	23,7574	
0,3625	23,7574	
0,3625	23,7574	
0,3625	23,7574	
0,3624	23,7565	
0,3624	23,7565	
0,3624	23,7565	
0,3622	23,7552	
0,3622	23,7552	
0,3619	23,7536	
0,3792	22,4163	
0,3792	22,4163	
0,3792	22,4163	
0,3792	22,4163	
0,3792	22,4163	
0,3792	22,4163	
0,3791	22,4159	
0,3791	22,4159	
0,3791	22,4159	
0,3791	22,4159	
0,3791	22,4159	
0,3791	22,4154	
0,3791	22,4154	
0,3791	22,4154	
0,3791	22,4154	
0,379	22,4148	
0,379	22,4148	
0,379	22,4148	
0,3788	22,4139	
0,3788	22,4139	
0,3786	22,4126	
0,3924	20,8821	
0,3924	20,8821	
0,3924	20,8821	
0,3924	20,8821	
0,3924	20,8821	
0,3924	20,8821	
0,3923	20,8819	
0,3923	20,8819	
0,3923	20,8819	
0,3923	20,8819	
0,3923	20,8819	
0,3923	20,8815	
0,3923	20,8815	
0,3923	20,8815	
0,3923	20,8815	
0,3922	20,8811	
0,3922	20,8811	
0,3922	20,8811	
0,3921	20,8805	
0,3921	20,8805	
1,4548	25,2395	
1,2574	25,7097	
1,2574	25,7097	
1,2603	25,7014	
1,0552	26,105	
1,0552	26,105	
1,0552	26,105	
1,0584	26,0978	
1,0584	26,0978	
1,0614	26,0898	
0,8612	26,4024	
0,8612	26,4024	
0,8612	26,4024	
0,8612	26,4024	
0,8642	26,3964	
0,8642	26,3964	
0,8642	26,3964	
0,8672	26,3896	
0,8672	26,3896	
0,8704	26,3815	
0,6554	26,6043	
0,6554	26,6043	
0,6554	26,6043	
0,6554	26,6043	
0,6554	26,6043	
0,6583	26,5992	
0,6583	26,5992	
0,6583	26,5992	
0,6583	26,5992	
0,6611	26,5936	
0,6611	26,5936	
0,6611	26,5936	
0,6642	26,5869	
0,6642	26,5869	
0,6674	26,5789	
0,4087	26,7135	
0,4087	26,7135	
0,4087	26,7135	
0,4087	26,7135	
0,4087	26,7135	
0,4087	26,7135	
0,4114	26,7093	
0,4114	26,7093	
0,4114	26,7093	
0,4114	26,7093	
0,4114	26,7093	
0,414	26,7047	
0,414	26,7047	
0,414	26,7047	
0,414	26,7047	
0,4169	26,6993	
0,4169	26,6993	
0,4169	26,6993	
0,42	26,6927	
0,42	26,6927	
0,423	26,6854	
0,3476	26,4682	
0,3476	26,4682	
0,3476	26,4682	
0,3476	26,4682	
0,3476	26,4682	
0,3476	26,4682	
0,3472	26,4673	
0,3472	26,4673	
0,3472	26,4673	
0,3472	26,4673	
0,3472	26,4673	
0,3467	26,466	
0,3467	26,466	
0,3467	26,466	
0,3467	26,466	
0,3462	26,4642	
0,3462	26,4642	
0,3462	26,4642	
0,3457	26,4617	
0,3457	26,4617	
0,345	26,4584	
0,3503	25,9539	
0,3503	25,9539	
0,3503	25,9539	
0,3503	25,9539	
0,3503	25,9539	
0,3503	25,9539	
0,35	25,9531	
0,35	25,9531	
0,35	25,9531	
0,35	25,9531	
0,35	25,9531	
0,3497	25,9519	
0,3497	25,9519	
0,3497	25,9519	
0,3497	25,9519	
0,3493	25,9503	
0,3493	25,9503	
0,3493	25,9503	
0,3488	25,9481	
0,3488	25,9481	
0,3482	25,9451	
0,3558	25,1999	
0,3558	25,1999	
0,3558	25,1999	
0,3558	25,1999	
0,3558	25,1999	
0,3558	25,1999	
0,3557	25,1991	
0,3557	25,1991	
0,3557	25,1991	
0,3557	25,1991	
0,3557	25,1991	
0,3555	25,198	
0,3555	25,198	
0,3555	25,198	
0,3555	25,198	
0,3553	25,1966	
0,3553	25,1966	
0,3553	25,1966	
0,355	25,1946	
0,355	25,1946	
0,3546	25,192	
0,3808	24,1748	
0,3808	24,1748	
0,3808	24,1748	
0,3808	24,1748	
0,3808	24,1748	
0,3808	24,1748	
0,3807	24,1743	
0,3807	24,1743	
0,3807	24,1743	
0,3807	24,1743	
0,3807	24,1743	
0,3805	24,1735	
0,3805	24,1735	
0,3805	24,1735	
0,3805	24,1735	
0,3804	24,1723	
0,3804	24,1723	
0,3804	24,1723	
0,3801	24,1709	
0,3801	24,1709	
0,3798	24,1689	
0,4034	22,9104	
0,4034	22,9104	
0,4034	22,9104	
0,4034	22,9104	
0,4034	22,9104	
0,4034	22,9104	
0,4033	22,91	
0,4033	22,91	
0,4033	22,91	
0,4033	22,91	
0,4033	22,91	
0,4032	22,9094	
0,4032	22,9094	
0,4032	22,9094	
0,4032	22,9094	
0,4031	22,9086	
0,4031	22,9086	
0,4031	22,9086	
0,4029	22,9076	
0,4029	22,9076	
0,4026	22,906	
1,1863	25,3707	
1,0428	25,8162	
1,0428	25,8162	
1,045	25,8083	
0,9131	26,1709	
0,9131	26,1709	
0,9131	26,1709	
0,9157	26,1639	
0,9157	26,1639	
0,9181	26,1561	
0,7825	26,4412	
0,7825	26,4412	
0,7825	26,4412	
0,7825	26,4412	
0,785	26,4354	
0,785	26,4354	
0,785	26,4354	
0,7875	26,4289	
0,7875	26,4289	
0,7899	26,4211	
0,6335	26,6301	
0,6335	26,6301	
0,6335	26,6301	
0,6335	26,6301	
0,6335	26,6301	
0,6359	26,6253	
0,6359	26,6253	
0,6359	26,6253	
0,6359	26,6253	
0,6383	26,6199	
0,6383	26,6199	
0,6383	26,6199	
0,6408	26,6134	
0,6408	26,6134	
0,6432	26,6058	
0,4559	26,7247	
0,4559	26,7247	
0,4559	26,7247	
0,4559	26,7247	
0,4559	26,7247	
0,4559	26,7247	
0,4582	26,7207	
0,4582	26,7207	
0,4582	26,7207	
0,4582	26,7207	
0,4582	26,7207	
0,4604	26,7164	
0,4604	26,7164	
0,4604	26,7164	
0,4604	26,7164	
0,4628	26,7111	
0,4628	26,7111	
0,4628	26,7111	
0,4652	26,7049	
0,4652	26,7049	
0,4674	26,6979	
0,3767	26,5652	
0,3767	26,5652	
0,3767	26,5652	
0,3767	26,5652	
0,3767	26,5652	
0,3767	26,5652	
0,3768	26,5637	
0,3768	26,5637	
0,3768	26,5637	
0,3768	26,5637	
0,3768	26,5637	
0,3769	26,5616	
0,3769	26,5616	
0,3769	26,5616	
0,3769	26,5616	
0,3771	26,5588	
0,3771	26,5588	
0,3771	26,5588	
0,3772	26,5553	
0,3772	26,5553	
0,3774	26,5506	
0,3726	26,1393	
0,3726	26,1393	
0,3726	26,1393	
0,3726	26,1393	
0,3726	26,1393	
0,3726	26,1393	
0,3722	26,1384	
0,3722	26,1384	
0,3722	26,1384	
0,3722	26,1384	
0,3722	26,1384	
0,3718	26,1371	
0,3718	26,1371	
0,3718	26,1371	
0,3718	26,1371	
0,3713	26,1353	
0,3713	26,1353	
0,3713	26,1353	
0,3707	26,1328	
0,3707	26,1328	
0,37	26,1295	
0,387	25,468	
0,387	25,468	
0,387	25,468	
0,387	25,468	
0,387	25,468	
0,387	25,468	
0,3868	25,4672	
0,3868	25,4672	
0,3868	25,4672	
0,3868	25,4672	
0,3868	25,4672	
0,3864	25,4661	
0,3864	25,4661	
0,3864	25,4661	
0,3864	25,4661	
0,3861	25,4646	
0,3861	25,4646	
0,3861	25,4646	
0,3856	25,4625	
0,3856	25,4625	
0,3849	25,4596	
0,4022	24,5469	
0,4022	24,5469	
0,4022	24,5469	
0,4022	24,5469	
0,4022	24,5469	
0,4022	24,5469	
0,402	24,5463	
0,402	24,5463	
0,402	24,5463	
0,402	24,5463	
0,402	24,5463	
0,4018	24,5455	
0,4018	24,5455	
0,4018	24,5455	
0,4018	24,5455	
0,4015	24,5442	
0,4015	24,5442	
0,4015	24,5442	
0,4011	24,5425	
0,4011	24,5425	
0,4006	24,5403	
0,9135	25,4808	
0,8429	25,8845	
0,8429	25,8845	
0,8447	25,8765	
0,7678	26,2176	
0,7678	26,2176	
0,7678	26,2176	
0,7697	26,2109	
0,7697	26,2109	
0,7714	26,2033	
0,686	26,476	
0,686	26,476	
0,686	26,476	
0,686	26,476	
0,688	26,4704	
0,688	26,4704	
0,688	26,4704	
0,6898	26,4641	
0,6898	26,4641	
0,6915	26,4566	
0,5935	26,6519	
0,5935	26,6519	
0,5935	26,6519	
0,5935	26,6519	
0,5935	26,6519	
0,5955	26,6473	
0,5955	26,6473	
0,5955	26,6473	
0,5955	26,6473	
0,5973	26,6421	
0,5973	26,6421	
0,5973	26,6421	
0,5991	26,6359	
0,5991	26,6359	
0,6007	26,6285	
0,4842	26,7317	
0,4842	26,7317	
0,4842	26,7317	
0,4842	26,7317	
0,4842	26,7317	
0,4842	26,7317	
0,4861	26,7279	
0,4861	26,7279	
0,4861	26,7279	
0,4861	26,7279	
0,4861	26,7279	
0,4879	26,7238	
0,4879	26,7238	
0,4879	26,7238	
0,4879	26,7238	
0,4897	26,7188	
0,4897	26,7188	
0,4897	26,7188	
0,4914	26,7128	
0,4914	26,7128	
0,4928	26,706	
0,4277	26,6162	
0,4277	26,6162	
0,4277	26,6162	
0,4277	26,6162	
0,4277	26,6162	
0,4277	26,6162	
0,4276	26,6146	
0,4276	26,6146	
0,4276	26,6146	
0,4276	26,6146	
0,4276	26,6146	
0,4276	26,6124	
0,4276	26,6124	
0,4276	26,6124	
0,4276	26,6124	
0,4276	26,6094	
0,4276	26,6094	
0,4276	26,6094	
0,4275	26,6056	
0,4275	26,6056	
0,4274	26,6006	
0,406	26,2893	
0,406	26,2893	
0,406	26,2893	
0,406	26,2893	
0,406	26,2893	
0,406	26,2893	
0,406	26,2878	
0,406	26,2878	
0,406	26,2878	
0,406	26,2878	
0,406	26,2878	
0,4061	26,2858	
0,4061	26,2858	
0,4061	26,2858	
0,4061	26,2858	
0,4061	26,2831	
0,4061	26,2831	
0,4061	26,2831	
0,4061	26,2796	
0,4061	26,2796	
0,406	26,275	
0,4158	25,7169	
0,4158	25,7169	
0,4158	25,7169	
0,4158	25,7169	
0,4158	25,7169	
0,4158	25,7169	
0,4155	25,7159	
0,4155	25,7159	
0,4155	25,7159	
0,4155	25,7159	
0,4155	25,7159	
0,4152	25,7146	
0,4152	25,7146	
0,4152	25,7146	
0,4152	25,7146	
0,4148	25,7128	
0,4148	25,7128	
0,4148	25,7128	
0,4142	25,7102	
0,4142	25,7102	
0,4135	25,7069	
0,6616	25,544	
0,6341	25,937	
0,6341	25,937	
0,6351	25,9293	
0,6038	26,2591	
0,6038	26,2591	
0,6038	26,2591	
0,6051	26,2526	
0,6051	26,2526	
0,6061	26,2453	
0,5706	26,5059	
0,5706	26,5059	
0,5706	26,5059	
0,5706	26,5059	
0,572	26,5005	
0,572	26,5005	
0,572	26,5005	
0,5732	26,4945	
0,5732	26,4945	
0,5741	26,4871	
0,5333	26,6691	
0,5333	26,6691	
0,5333	26,6691	
0,5333	26,6691	
0,5333	26,6691	
0,5348	26,6646	
0,5348	26,6646	
0,5348	26,6646	
0,5348	26,6646	
0,5361	26,6597	
0,5361	26,6597	
0,5361	26,6597	
0,5372	26,6537	
0,5372	26,6537	
0,5379	26,6466	
0,49	26,7342	
0,49	26,7342	
0,49	26,7342	
0,49	26,7342	
0,49	26,7342	
0,49	26,7342	
0,4915	26,7307	
0,4915	26,7307	
0,4915	26,7307	
0,4915	26,7307	
0,4915	26,7307	
0,4928	26,7267	
0,4928	26,7267	
0,4928	26,7267	
0,4928	26,7267	
0,4941	26,7219	
0,4941	26,7219	
0,4941	26,7219	
0,495	26,7162	
0,495	26,7162	
0,4955	26,7097	
0,4662	26,6497	
0,4662	26,6497	
0,4662	26,6497	
0,4662	26,6497	
0,4662	26,6497	
0,4662	26,6497	
0,4672	26,6469	
0,4672	26,6469	
0,4672	26,6469	
0,4672	26,6469	
0,4672	26,6469	
0,4683	26,6432	
0,4683	26,6432	
0,4683	26,6432	
0,4683	26,6432	
0,4695	26,6386	
0,4695	26,6386	
0,4695	26,6386	
0,4707	26,6331	
0,4707	26,6331	
0,4718	26,6262	
0,4698	26,3764	
0,4698	26,3764	
0,4698	26,3764	
0,4698	26,3764	
0,4698	26,3764	
0,4698	26,3764	
0,4697	26,3748	
0,4697	26,3748	
0,4697	26,3748	
0,4697	26,3748	
0,4697	26,3748	
0,4696	26,3726	
0,4696	26,3726	
0,4696	26,3726	
0,4696	26,3726	
0,4694	26,3697	
0,4694	26,3697	
0,4694	26,3697	
0,4692	26,3659	
0,4692	26,3659	
0,4687	26,361	
0,4012	25,5983	
0,4154	25,9814	
0,4154	25,9814	
0,4157	25,974	
0,4283	26,2935	
0,4283	26,2935	
0,4283	26,2935	
0,4289	26,2872	
0,4289	26,2872	
0,4291	26,2801	
0,4411	26,5297	
0,4411	26,5297	
0,4411	26,5297	
0,4411	26,5297	
0,4419	26,5245	
0,4419	26,5245	
0,4419	26,5245	
0,4424	26,5186	
0,4424	26,5186	
0,4425	26,5116	
0,4552	26,6811	
0,4552	26,6811	
0,4552	26,6811	
0,4552	26,6811	
0,4552	26,6811	
0,4562	26,6769	
0,4562	26,6769	
0,4562	26,6769	
0,4562	26,6769	
0,4569	26,6721	
0,4569	26,6721	
0,4569	26,6721	
0,4573	26,6664	
0,4573	26,6664	
0,4572	26,6595	
0,4724	26,7327	
0,4724	26,7327	
0,4724	26,7327	
0,4724	26,7327	
0,4724	26,7327	
0,4724	26,7327	
0,4735	26,7293	
0,4735	26,7293	
0,4735	26,7293	
0,4735	26,7293	
0,4735	26,7293	
0,4744	26,7255	
0,4744	26,7255	
0,4744	26,7255	
0,4744	26,7255	
0,475	26,7209	
0,475	26,7209	
0,475	26,7209	
0,4752	26,7154	
0,4752	26,7154	
0,4748	26,7091	
0,4959	26,6583	
0,4959	26,6583	
0,4959	26,6583	
0,4959	26,6583	
0,4959	26,6583	
0,4959	26,6583	
0,4968	26,6553	
0,4968	26,6553	
0,4968	26,6553	
0,4968	26,6553	
0,4968	26,6553	
0,4976	26,6517	
0,4976	26,6517	
0,4976	26,6517	
0,4976	26,6517	
0,498	26,6474	
0,498	26,6474	
0,498	26,6474	
0,498	26,6426	
0,498	26,6426	
0,4979	26,6361	
0,2329	25,5307	
0,2647	25,9293	
0,2647	25,9293	
0,2633	25,9231	
0,2969	26,2563	
0,2969	26,2563	
0,2969	26,2563	
0,2957	26,2514	
0,2957	26,2514	
0,2944	26,2453	
0,3303	26,5078	
0,3303	26,5078	
0,3303	26,5078	
0,3303	26,5078	
0,3294	26,504	
0,3294	26,504	
0,3294	26,504	
0,3285	26,4991	
0,3285	26,4991	
0,329	26,4909	
0,3743	26,6688	
0,3743	26,6688	
0,3743	26,6688	
0,3743	26,6688	
0,3743	26,6688	
0,375	26,6644	
0,375	26,6644	
0,375	26,6644	
0,375	26,6644	
0,3757	26,6593	
0,3757	26,6593	
0,3757	26,6593	
0,3763	26,6528	
0,3763	26,6528	
0,3767	26,6447	
0,4299	26,7272	
0,4299	26,7272	
0,4299	26,7272	
0,4299	26,7272	
0,4299	26,7272	
0,4299	26,7272	
0,4306	26,724	
0,4306	26,724	
0,4306	26,724	
0,4306	26,724	
0,4306	26,724	
0,431	26,7203	
0,431	26,7203	
0,431	26,7203	
0,431	26,7203	
0,431	26,7159	
0,431	26,7159	
0,431	26,7159	
0,4309	26,7101	
0,4309	26,7101	
0,4311	26,7025	
0,1681	25,331	
0,1908	25,7728	
0,1908	25,7728	
0,1883	25,7671	
0,2204	26,137	
0,2204	26,137	
0,2204	26,137	
0,2183	26,1326	
0,2183	26,1326	
0,216	26,1268	
0,2553	26,4231	
0,2553	26,4231	
0,2553	26,4231	
0,2553	26,4231	
0,2541	26,4191	
0,2541	26,4191	
0,2541	26,4191	
0,2528	26,4141	
0,2528	26,4141	
0,2512	26,4074	
0,3062	26,6158	
0,3062	26,6158	
0,3062	26,6158	
0,3062	26,6158	
0,3062	26,6158	
0,3053	26,6127	
0,3053	26,6127	
0,3053	26,6127	
0,3053	26,6127	
0,3043	26,6089	
0,3043	26,6089	
0,3043	26,6089	
0,303	26,6037	
0,303	26,6037	
0,3013	26,5969	
0,1257	25,0837	
0,1514	25,5564	
0,1514	25,5564	
0,1488	25,5501	
0,1776	25,9587	
0,1776	25,9587	
0,1776	25,9587	
0,1754	25,9538	
0,1754	25,9538	
0,173	25,9476	
0,2046	26,2884	
0,2046	26,2884	
0,2046	26,2884	
0,2046	26,2884	
0,2027	26,2847	
0,2027	26,2847	
0,2027	26,2847	
0,2007	26,2798	
0,2007	26,2798	
0,1983	26,2732	
0,08	24,7989	
0,1061	25,3064	
0,1061	25,3064	
0,1032	25,2998	
0,1355	25,7416	
0,1355	25,7416	
0,1355	25,7416	
0,1331	25,7364	
0,1331	25,7364	
0,1305	25,7297	
0,0654	24,4617	
0,0769	25,0176	
0,0769	25,0176	
0,0762	25,0083	
1,4756	25,2001	
1,2854	25,6616	
1,2854	25,6616	
1,2883	25,6534	
1,0891	26,05	
1,0891	26,05	
1,0891	26,05	
1,0922	26,0428	
1,0922	26,0428	
1,0951	26,035	
0,9128	26,3289	
0,9128	26,3289	
0,9128	26,3289	
0,9128	26,3289	
0,9157	26,323	
0,9157	26,323	
0,9157	26,323	
0,9187	26,3163	
0,9187	26,3163	
0,9218	26,3083	
0,7102	26,5274	
0,7102	26,5274	
0,7102	26,5274	
0,7102	26,5274	
0,7102	26,5274	
0,713	26,5224	
0,713	26,5224	
0,713	26,5224	
0,713	26,5224	
0,7158	26,5169	
0,7158	26,5169	
0,7158	26,5169	
0,7188	26,5103	
0,7188	26,5103	
0,7219	26,5024	
0,4657	26,6347	
0,4657	26,6347	
0,4657	26,6347	
0,4657	26,6347	
0,4657	26,6347	
0,4657	26,6347	
0,4683	26,6306	
0,4683	26,6306	
0,4683	26,6306	
0,4683	26,6306	
0,4683	26,6306	
0,4709	26,6261	
0,4709	26,6261	
0,4709	26,6261	
0,4709	26,6261	
0,4737	26,6207	
0,4737	26,6207	
0,4737	26,6207	
0,4767	26,6144	
0,4767	26,6144	
0,4796	26,6071	
0,3747	26,4203	
0,3747	26,4203	
0,3747	26,4203	
0,3747	26,4203	
0,3747	26,4203	
0,3747	26,4203	
0,3744	26,4195	
0,3744	26,4195	
0,3744	26,4195	
0,3744	26,4195	
0,3744	26,4195	
0,3739	26,4182	
0,3739	26,4182	
0,3739	26,4182	
0,3739	26,4182	
0,3734	26,4164	
0,3734	26,4164	
0,3734	26,4164	
0,3729	26,4139	
0,3729	26,4139	
0,3724	26,4104	
0,3744	25,9109	
0,3744	25,9109	
0,3744	25,9109	
0,3744	25,9109	
0,3744	25,9109	
0,3744	25,9109	
0,3741	25,9101	
0,3741	25,9101	
0,3741	25,9101	
0,3741	25,9101	
0,3741	25,9101	
0,3738	25,9089	
0,3738	25,9089	
0,3738	25,9089	
0,3738	25,9089	
0,3734	25,9074	
0,3734	25,9074	
0,3734	25,9074	
0,3729	25,9052	
0,3729	25,9052	
0,3723	25,9022	
0,3738	25,1653	
0,3738	25,1653	
0,3738	25,1653	
0,3738	25,1653	
0,3738	25,1653	
0,3738	25,1653	
0,3735	25,1646	
0,3735	25,1646	
0,3735	25,1646	
0,3735	25,1646	
0,3735	25,1646	
0,3733	25,1636	
0,3733	25,1636	
0,3733	25,1636	
0,3733	25,1636	
0,373	25,1623	
0,373	25,1623	
0,373	25,1623	
0,3726	25,1605	
0,3726	25,1605	
0,3721	25,158	
0,3944	24,1472	
0,3944	24,1472	
0,3944	24,1472	
0,3944	24,1472	
0,3944	24,1472	
0,3944	24,1472	
0,3943	24,1466	
0,3943	24,1466	
0,3943	24,1466	
0,3943	24,1466	
0,3943	24,1466	
0,3942	24,1458	
0,3942	24,1458	
0,3942	24,1458	
0,3942	24,1458	
0,394	24,1447	
0,394	24,1447	
0,394	24,1447	
0,3937	24,1432	
0,3937	24,1432	
0,3934	24,1412	
0,4135	22,8887	
0,4135	22,8887	
0,4135	22,8887	
0,4135	22,8887	
0,4135	22,8887	
0,4135	22,8887	
0,4134	22,8883	
0,4134	22,8883	
0,4134	22,8883	
0,4134	22,8883	
0,4134	22,8883	
0,4133	22,8877	
0,4133	22,8877	
0,4133	22,8877	
0,4133	22,8877	
0,4132	22,8869	
0,4132	22,8869	
0,4132	22,8869	
0,413	22,8859	
0,413	22,8859	
0,4127	22,8843	
0,4291	21,4227	
0,4291	21,4227	
0,4291	21,4227	
0,4291	21,4227	
0,4291	21,4227	
0,4291	21,4227	
0,4291	21,4225	
0,4291	21,4225	
0,4291	21,4225	
0,4291	21,4225	
0,4291	21,4225	
0,429	21,4221	
0,429	21,4221	
0,429	21,4221	
0,429	21,4221	
0,4289	21,4216	
0,4289	21,4216	
0,4289	21,4216	
0,4288	21,4208	
0,4288	21,4208	
1,2144	25,3256	
1,0783	25,7623	
1,0783	25,7623	
1,0807	25,7542	
0,9627	26,1017	
0,9627	26,1017	
0,9627	26,1017	
0,9651	26,0948	
0,9651	26,0948	
0,9674	26,0872	
0,8355	26,3677	
0,8355	26,3677	
0,8355	26,3677	
0,8355	26,3677	
0,8379	26,362	
0,8379	26,362	
0,8379	26,362	
0,8402	26,3556	
0,8402	26,3556	
0,8426	26,3479	
0,6891	26,5535	
0,6891	26,5535	
0,6891	26,5535	
0,6891	26,5535	
0,6891	26,5535	
0,6914	26,5487	
0,6914	26,5487	
0,6914	26,5487	
0,6914	26,5487	
0,6937	26,5434	
0,6937	26,5434	
0,6937	26,5434	
0,6961	26,5371	
0,6961	26,5371	
0,6984	26,5295	
0,5131	26,6465	
0,5131	26,6465	
0,5131	26,6465	
0,5131	26,6465	
0,5131	26,6465	
0,5131	26,6465	
0,5153	26,6426	
0,5153	26,6426	
0,5153	26,6426	
0,5153	26,6426	
0,5153	26,6426	
0,5175	26,6383	
0,5175	26,6383	
0,5175	26,6383	
0,5175	26,6383	
0,5198	26,6332	
0,5198	26,6332	
0,5198	26,6332	
0,5221	26,6271	
0,5221	26,6271	
0,5242	26,6201	
0,4161	26,5054	
0,4161	26,5054	
0,4161	26,5054	
0,4161	26,5054	
0,4161	26,5054	
0,4161	26,5054	
0,4162	26,5039	
0,4162	26,5039	
0,4162	26,5039	
0,4162	26,5039	
0,4162	26,5039	
0,4163	26,5019	
0,4163	26,5019	
0,4163	26,5019	
0,4163	26,5019	
0,4164	26,4991	
0,4164	26,4991	
0,4164	26,4991	
0,4165	26,4956	
0,4165	26,4956	
0,4166	26,491	
0,3979	26,0949	
0,3979	26,0949	
0,3979	26,0949	
0,3979	26,0949	
0,3979	26,0949	
0,3979	26,0949	
0,3975	26,094	
0,3975	26,094	
0,3975	26,094	
0,3975	26,094	
0,3975	26,094	
0,3971	26,0927	
0,3971	26,0927	
0,3971	26,0927	
0,3971	26,0927	
0,3966	26,091	
0,3966	26,091	
0,3966	26,091	
0,396	26,0885	
0,396	26,0885	
0,3952	26,0852	
0,4085	25,4292	
0,4085	25,4292	
0,4085	25,4292	
0,4085	25,4292	
0,4085	25,4292	
0,4085	25,4292	
0,4083	25,4284	
0,4083	25,4284	
0,4083	25,4284	
0,4083	25,4284	
0,4083	25,4284	
0,4079	25,4274	
0,4079	25,4274	
0,4079	25,4274	
0,4079	25,4274	
0,4076	25,4258	
0,4076	25,4258	
0,4076	25,4258	
0,4071	25,4237	
0,4071	25,4237	
0,4064	25,4209	
0,4195	24,5146	
0,4195	24,5146	
0,4195	24,5146	
0,4195	24,5146	
0,4195	24,5146	
0,4195	24,5146	
0,4193	24,514	
0,4193	24,514	
0,4193	24,514	
0,4193	24,514	
0,4193	24,514	
0,419	24,5132	
0,419	24,5132	
0,419	24,5132	
0,419	24,5132	
0,4187	24,5119	
0,4187	24,5119	
0,4187	24,5119	
0,4184	24,5103	
0,4184	24,5103	
0,4178	24,508	
0,4336	23,3485	
0,4336	23,3485	
0,4336	23,3485	
0,4336	23,3485	
0,4336	23,3485	
0,4336	23,3485	
0,4335	23,348	
0,4335	23,348	
0,4335	23,348	
0,4335	23,348	
0,4335	23,348	
0,4334	23,3473	
0,4334	23,3473	
0,4334	23,3473	
0,4334	23,3473	
0,4332	23,3464	
0,4332	23,3464	
0,4332	23,3464	
0,433	23,3451	
0,433	23,3451	
0,4326	23,3432	
0,9571	25,4222	
0,8905	25,8203	
0,8905	25,8203	
0,8922	25,8124	
0,8191	26,1484	
0,8191	26,1484	
0,8191	26,1484	
0,8209	26,1418	
0,8209	26,1418	
0,8225	26,1344	
0,7403	26,4028	
0,7403	26,4028	
0,7403	26,4028	
0,7403	26,4028	
0,7422	26,3973	
0,7422	26,3973	
0,7422	26,3973	
0,744	26,3911	
0,744	26,3911	
0,7456	26,3836	
0,65	26,5758	
0,65	26,5758	
0,65	26,5758	
0,65	26,5758	
0,65	26,5758	
0,6519	26,5712	
0,6519	26,5712	
0,6519	26,5712	
0,6519	26,5712	
0,6537	26,5662	
0,6537	26,5662	
0,6537	26,5662	
0,6554	26,5601	
0,6554	26,5601	
0,6569	26,5528	
0,5417	26,6543	
0,5417	26,6543	
0,5417	26,6543	
0,5417	26,6543	
0,5417	26,6543	
0,5417	26,6543	
0,5435	26,6506	
0,5435	26,6506	
0,5435	26,6506	
0,5435	26,6506	
0,5435	26,6506	
0,5453	26,6465	
0,5453	26,6465	
0,5453	26,6465	
0,5453	26,6465	
0,547	26,6416	
0,547	26,6416	
0,547	26,6416	
0,5486	26,6357	
0,5486	26,6357	
0,5499	26,6291	
0,4676	26,5566	
0,4676	26,5566	
0,4676	26,5566	
0,4676	26,5566	
0,4676	26,5566	
0,4676	26,5566	
0,4676	26,5551	
0,4676	26,5551	
0,4676	26,5551	
0,4676	26,5551	
0,4676	26,5551	
0,4675	26,5529	
0,4675	26,5529	
0,4675	26,5529	
0,4675	26,5529	
0,4675	26,5499	
0,4675	26,5499	
0,4675	26,5499	
0,4674	26,5462	
0,4674	26,5462	
0,4672	26,5413	
0,4429	26,2337	
0,4429	26,2337	
0,4429	26,2337	
0,4429	26,2337	
0,4429	26,2337	
0,4429	26,2337	
0,4429	26,2322	
0,4429	26,2322	
0,4429	26,2322	
0,4429	26,2322	
0,4429	26,2322	
0,4429	26,2302	
0,4429	26,2302	
0,4429	26,2302	
0,4429	26,2302	
0,4429	26,2276	
0,4429	26,2276	
0,4429	26,2276	
0,4429	26,2241	
0,4429	26,2241	
0,4427	26,2196	
0,442	25,6733	
0,442	25,6733	
0,442	25,6733	
0,442	25,6733	
0,442	25,6733	
0,442	25,6733	
0,4417	25,6724	
0,4417	25,6724	
0,4417	25,6724	
0,4417	25,6724	
0,4417	25,6724	
0,4414	25,6711	
0,4414	25,6711	
0,4414	25,6711	
0,4414	25,6711	
0,441	25,6693	
0,441	25,6693	
0,441	25,6693	
0,4404	25,6667	
0,4404	25,6667	
0,4397	25,6634	
0,4587	24,8531	
0,4587	24,8531	
0,4587	24,8531	
0,4587	24,8531	
0,4587	24,8531	
0,4587	24,8531	
0,4584	24,8524	
0,4584	24,8524	
0,4584	24,8524	
0,4584	24,8524	
0,4584	24,8524	
0,4581	24,8514	
0,4581	24,8514	
0,4581	24,8514	
0,4581	24,8514	
0,4577	24,8499	
0,4577	24,8499	
0,4577	24,8499	
0,4572	24,848	
0,4572	24,848	
0,4565	24,8453	
0,7067	25,4856	
0,6831	25,8731	
0,6831	25,8731	
0,6841	25,8655	
0,6564	26,1904	
0,6564	26,1904	
0,6564	26,1904	
0,6576	26,184	
0,6576	26,184	
0,6585	26,1768	
0,6261	26,4333	
0,6261	26,4333	
0,6261	26,4333	
0,6261	26,4333	
0,6274	26,428	
0,6274	26,428	
0,6274	26,428	
0,6285	26,4221	
0,6285	26,4221	
0,6293	26,4149	
0,5907	26,5938	
0,5907	26,5938	
0,5907	26,5938	
0,5907	26,5938	
0,5907	26,5938	
0,5921	26,5895	
0,5921	26,5895	
0,5921	26,5895	
0,5921	26,5895	
0,5933	26,5846	
0,5933	26,5846	
0,5933	26,5846	
0,5944	26,5788	
0,5944	26,5788	
0,595	26,5718	
0,5481	26,6579	
0,5481	26,6579	
0,5481	26,6579	
0,5481	26,6579	
0,5481	26,6579	
0,5481	26,6579	
0,5496	26,6544	
0,5496	26,6544	
0,5496	26,6544	
0,5496	26,6544	
0,5496	26,6544	
0,5508	26,6505	
0,5508	26,6505	
0,5508	26,6505	
0,5508	26,6505	
0,552	26,6458	
0,552	26,6458	
0,552	26,6458	
0,5529	26,6402	
0,5529	26,6402	
0,5533	26,6338	
0,5109	26,5869	
0,5109	26,5869	
0,5109	26,5869	
0,5109	26,5869	
0,5109	26,5869	
0,5109	26,5869	
0,5119	26,5841	
0,5119	26,5841	
0,5119	26,5841	
0,5119	26,5841	
0,5119	26,5841	
0,5129	26,5806	
0,5129	26,5806	
0,5129	26,5806	
0,5129	26,5806	
0,5141	26,576	
0,5141	26,576	
0,5141	26,576	
0,5152	26,5706	
0,5152	26,5706	
0,5162	26,5637	
0,5077	26,321	
0,5077	26,321	
0,5077	26,321	
0,5077	26,321	
0,5077	26,321	
0,5077	26,321	
0,5076	26,3195	
0,5076	26,3195	
0,5076	26,3195	
0,5076	26,3195	
0,5076	26,3195	
0,5075	26,3173	
0,5075	26,3173	
0,5075	26,3173	
0,5075	26,3173	
0,5073	26,3145	
0,5073	26,3145	
0,5073	26,3145	
0,507	26,3107	
0,507	26,3107	
0,5065	26,3058	
0,5175	25,8432	
0,5175	25,8432	
0,5175	25,8432	
0,5175	25,8432	
0,5175	25,8432	
0,5175	25,8432	
0,5175	25,8418	
0,5175	25,8418	
0,5175	25,8418	
0,5175	25,8418	
0,5175	25,8418	
0,5175	25,8399	
0,5175	25,8399	
0,5175	25,8399	
0,5175	25,8399	
0,5173	25,8374	
0,5173	25,8374	
0,5173	25,8374	
0,5171	25,8341	
0,5171	25,8341	
0,5166	25,8298	
0,4471	25,5403	
0,4653	25,9182	
0,4653	25,9182	
0,4656	25,9108	
0,4818	26,2256	
0,4818	26,2256	
0,4818	26,2256	
0,4823	26,2194	
0,4823	26,2194	
0,4825	26,2124	
0,4974	26,458	
0,4974	26,458	
0,4974	26,458	
0,4974	26,458	
0,4982	26,4529	
0,4982	26,4529	
0,4982	26,4529	
0,4986	26,4472	
0,4986	26,4472	
0,4986	26,4402	
0,5134	26,607	
0,5134	26,607	
0,5134	26,607	
0,5134	26,607	
0,5134	26,607	
0,5143	26,6028	
0,5143	26,6028	
0,5143	26,6028	
0,5143	26,6028	
0,515	26,5981	
0,515	26,5981	
0,515	26,5981	
0,5153	26,5925	
0,5153	26,5925	
0,5151	26,5857	
0,5312	26,6577	
0,5312	26,6577	
0,5312	26,6577	
0,5312	26,6577	
0,5312	26,6577	
0,5312	26,6577	
0,5322	26,6543	
0,5322	26,6543	
0,5322	26,6543	
0,5322	26,6543	
0,5322	26,6543	
0,533	26,6506	
0,533	26,6506	
0,533	26,6506	
0,533	26,6506	
0,5336	26,6461	
0,5336	26,6461	
0,5336	26,6461	
0,5337	26,6407	
0,5337	26,6407	
0,5332	26,6345	
0,5534	26,5846	
0,5534	26,5846	
0,5534	26,5846	
0,5534	26,5846	
0,5534	26,5846	
0,5534	26,5846	
0,5543	26,5817	
0,5543	26,5817	
0,5543	26,5817	
0,5543	26,5817	
0,5543	26,5817	
0,555	26,5782	
0,555	26,5782	
0,555	26,5782	
0,555	26,5782	
0,5554	26,5739	
0,5554	26,5739	
0,5554	26,5739	
0,5554	26,5691	
0,5554	26,5691	
0,5546	26,5634	
0,5803	26,3599	
0,5803	26,3599	
0,5803	26,3599	
0,5803	26,3599	
0,5803	26,3599	
0,5803	26,3599	
0,5811	26,3572	
0,5811	26,3572	
0,5811	26,3572	
0,5811	26,3572	
0,5811	26,3572	
0,5817	26,354	
0,5817	26,354	
0,5817	26,354	
0,5817	26,354	
0,5819	26,3504	
0,5819	26,3504	
0,5819	26,3504	
0,5817	26,346	
0,5817	26,346	
0,5806	26,3409	
0,2655	25,4878	
0,3004	25,8824	
0,3004	25,8824	
0,2989	25,8763	
0,3353	26,2058	
0,3353	26,2058	
0,3353	26,2058	
0,3341	26,2009	
0,3341	26,2009	
0,3327	26,1949	
0,3713	26,4539	
0,3713	26,4539	
0,3713	26,4539	
0,3713	26,4539	
0,372	26,4485	
0,372	26,4485	
0,372	26,4485	
0,3726	26,4421	
0,3726	26,4421	
0,373	26,434	
0,42	26,6095	
0,42	26,6095	
0,42	26,6095	
0,42	26,6095	
0,42	26,6095	
0,4207	26,6053	
0,4207	26,6053	
0,4207	26,6053	
0,4207	26,6053	
0,4213	26,6002	
0,4213	26,6002	
0,4213	26,6002	
0,4219	26,5938	
0,4219	26,5938	
0,4222	26,5858	
0,4895	26,6538	
0,4895	26,6538	
0,4895	26,6538	
0,4895	26,6538	
0,4895	26,6538	
0,4895	26,6538	
0,4901	26,6506	
0,4901	26,6506	
0,4901	26,6506	
0,4901	26,6506	
0,4901	26,6506	
0,4905	26,6471	
0,4905	26,6471	
0,4905	26,6471	
0,4905	26,6471	
0,4904	26,6427	
0,4904	26,6427	
0,4904	26,6427	
0,4898	26,6375	
0,4898	26,6375	
0,4883	26,6316	
0,582	26,565	
0,582	26,565	
0,582	26,565	
0,582	26,565	
0,582	26,565	
0,582	26,565	
0,5825	26,5622	
0,5825	26,5622	
0,5825	26,5622	
0,5825	26,5622	
0,5825	26,5622	
0,5827	26,5588	
0,5827	26,5588	
0,5827	26,5588	
0,5827	26,5588	
0,5824	26,5548	
0,5824	26,5548	
0,5824	26,5548	
0,5816	26,5502	
0,5816	26,5502	
0,5797	26,5446	
0,1911	25,2996	
0,2197	25,7348	
0,2197	25,7348	
0,2171	25,7292	
0,2518	26,096	
0,2518	26,096	
0,2518	26,096	
0,2496	26,0915	
0,2496	26,0915	
0,2473	26,0858	
0,2955	26,3726	
0,2955	26,3726	
0,2955	26,3726	
0,2955	26,3726	
0,2944	26,3686	
0,2944	26,3686	
0,2944	26,3686	
0,293	26,3637	
0,293	26,3637	
0,2913	26,357	
0,3482	26,5631	
0,3482	26,5631	
0,3482	26,5631	
0,3482	26,5631	
0,3482	26,5631	
0,3473	26,5601	
0,3473	26,5601	
0,3473	26,5601	
0,3473	26,5601	
0,3462	26,5563	
0,3462	26,5563	
0,3462	26,5563	
0,3449	26,5511	
0,3449	26,5511	
0,3432	26,5444	
0,4218	26,6467	
0,4218	26,6467	
0,4218	26,6467	
0,4218	26,6467	
0,4218	26,6467	
0,4218	26,6467	
0,4221	26,6436	
0,4221	26,6436	
0,4221	26,6436	
0,4221	26,6436	
0,4221	26,6436	
0,4219	26,6402	
0,4219	26,6402	
0,4219	26,6402	
0,4219	26,6402	
0,4212	26,636	
0,4212	26,636	
0,4212	26,636	
0,4197	26,631	
0,4197	26,631	
0,4172	26,6253	
0,1479	25,0564	
0,1762	25,5261	
0,1762	25,5261	
0,1736	25,5199	
0,2048	25,9256	
0,2048	25,9256	
0,2048	25,9256	
0,2025	25,9208	
0,2025	25,9208	
0,20	25,9146	
0,2354	26,2513	
0,2354	26,2513	
0,2354	26,2513	
0,2354	26,2513	
0,2333	26,2477	
0,2333	26,2477	
0,2333	26,2477	
0,2312	26,243	
0,2312	26,243	
0,2286	26,2365	
0,2761	26,4914	
0,2761	26,4914	
0,2761	26,4914	
0,2761	26,4914	
0,2761	26,4914	
0,2744	26,4887	
0,2744	26,4887	
0,2744	26,4887	
0,2744	26,4887	
0,2726	26,4852	
0,2726	26,4852	
0,2726	26,4852	
0,2705	26,4802	
0,2705	26,4802	
0,2679	26,4735	
0,0995	24,7835	
0,1309	25,2849	
0,1309	25,2849	
0,1281	25,2784	
0,1628	25,717	
0,1628	25,717	
0,1628	25,717	
0,1604	25,7118	
0,1604	25,7118	
0,1577	25,7051	
0,1953	26,0774	
0,1953	26,0774	
0,1953	26,0774	
0,1953	26,0774	
0,1932	26,0735	
0,1932	26,0735	
0,1932	26,0735	
0,1909	26,0683	
0,1909	26,0683	
0,1882	26,0611	
0,0767	24,4534	
0,0927	25,0051	
0,0927	25,0051	
0,0918	24,9961	
0,1173	25,4804	
0,1173	25,4804	
0,1173	25,4804	
0,1165	25,4731	
0,1165	25,4731	
0,1154	25,4641	
1,2305	25,1686	
1,1206	25,569	
1,1206	25,569	
1,1228	25,5612	
1,0121	25,8931	
1,0121	25,8931	
1,0121	25,8931	
1,0144	25,8866	
1,0144	25,8866	
1,0166	25,8793	
0,8924	26,1464	
0,8924	26,1464	
0,8924	26,1464	
0,8924	26,1464	
0,8947	26,141	
0,8947	26,141	
0,8947	26,141	
0,8968	26,1349	
0,8968	26,1349	
0,899	26,1275	
0,7537	26,3228	
0,7537	26,3228	
0,7537	26,3228	
0,7537	26,3228	
0,7537	26,3228	
0,7559	26,3183	
0,7559	26,3183	
0,7559	26,3183	
0,7559	26,3183	
0,758	26,3133	
0,758	26,3133	
0,758	26,3133	
0,7602	26,3073	
0,7602	26,3073	
0,7623	26,3001	
0,5853	26,4111	
0,5853	26,4111	
0,5853	26,4111	
0,5853	26,4111	
0,5853	26,4111	
0,5853	26,4111	
0,5873	26,4074	
0,5873	26,4074	
0,5873	26,4074	
0,5873	26,4074	
0,5873	26,4074	
0,5894	26,4033	
0,5894	26,4033	
0,5894	26,4033	
0,5894	26,4033	
0,5915	26,3984	
0,5915	26,3984	
0,5915	26,3984	
0,5936	26,3926	
0,5936	26,3926	
0,5956	26,3861	
0,4669	26,2996	
0,4669	26,2996	
0,4669	26,2996	
0,4669	26,2996	
0,4669	26,2996	
0,4669	26,2996	
0,4669	26,2982	
0,4669	26,2982	
0,4669	26,2982	
0,4669	26,2982	
0,4669	26,2982	
0,467	26,2962	
0,467	26,2962	
0,467	26,2962	
0,467	26,2962	
0,4671	26,2936	
0,4671	26,2936	
0,4671	26,2936	
0,4672	26,2902	
0,4672	26,2902	
0,4672	26,2858	
0,4322	25,9194	
0,4322	25,9194	
0,4322	25,9194	
0,4322	25,9194	
0,4322	25,9194	
0,4322	25,9194	
0,4319	25,9185	
0,4319	25,9185	
0,4319	25,9185	
0,4319	25,9185	
0,4319	25,9185	
0,4316	25,9171	
0,4316	25,9171	
0,4316	25,9171	
0,4316	25,9171	
0,4312	25,9153	
0,4312	25,9153	
0,4312	25,9153	
0,4307	25,9129	
0,4307	25,9129	
0,43	25,9095	
0,4344	25,281	
0,4344	25,281	
0,4344	25,281	
0,4344	25,281	
0,4344	25,281	
0,4344	25,281	
0,4342	25,2802	
0,4342	25,2802	
0,4342	25,2802	
0,4342	25,2802	
0,4342	25,2802	
0,4339	25,2792	
0,4339	25,2792	
0,4339	25,2792	
0,4339	25,2792	
0,4335	25,2777	
0,4335	25,2777	
0,4335	25,2777	
0,433	25,2757	
0,433	25,2757	
0,4323	25,2729	
0,4402	24,3934	
0,4402	24,3934	
0,4402	24,3934	
0,4402	24,3934	
0,4402	24,3934	
0,4402	24,3934	
0,44	24,3929	
0,44	24,3929	
0,44	24,3929	
0,44	24,3929	
0,44	24,3929	
0,4398	24,392	
0,4398	24,392	
0,4398	24,392	
0,4398	24,392	
0,4395	24,3908	
0,4395	24,3908	
0,4395	24,3908	
0,4391	24,3892	
0,4391	24,3892	
0,4386	24,387	
0,4457	23,2582	
0,4457	23,2582	
0,4457	23,2582	
0,4457	23,2582	
0,4457	23,2582	
0,4457	23,2582	
0,4456	23,2577	
0,4456	23,2577	
0,4456	23,2577	
0,4456	23,2577	
0,4456	23,2577	
0,4455	23,257	
0,4455	23,257	
0,4455	23,257	
0,4455	23,257	
0,4453	23,2561	
0,4453	23,2561	
0,4453	23,2561	
0,4451	23,2548	
0,4451	23,2548	
0,4447	23,253	
0,4634	21,8838	
0,4634	21,8838	
0,4634	21,8838	
0,4634	21,8838	
0,4634	21,8838	
0,4634	21,8838	
0,4634	21,8835	
0,4634	21,8835	
0,4634	21,8835	
0,4634	21,8835	
0,4634	21,8835	
0,4633	21,883	
0,4633	21,883	
0,4633	21,883	
0,4633	21,883	
0,4631	21,8824	
0,4631	21,8824	
0,4631	21,8824	
0,463	21,8815	
0,463	21,8815	
1,0008	25,2435	
0,9402	25,625	
0,9402	25,625	
0,9417	25,6175	
0,8746	25,9383	
0,8746	25,9383	
0,8746	25,9383	
0,8763	25,932	
0,8763	25,932	
0,8778	25,9249	
0,8016	26,1803	
0,8016	26,1803	
0,8016	26,1803	
0,8016	26,1803	
0,8034	26,1751	
0,8034	26,1751	
0,8034	26,1751	
0,805	26,1692	
0,805	26,1692	
0,8064	26,1622	
0,7167	26,3446	
0,7167	26,3446	
0,7167	26,3446	
0,7167	26,3446	
0,7167	26,3446	
0,7185	26,3403	
0,7185	26,3403	
0,7185	26,3403	
0,7185	26,3403	
0,7201	26,3355	
0,7201	26,3355	
0,7201	26,3355	
0,7217	26,3297	
0,7217	26,3297	
0,723	26,3228	
0,6132	26,4191	
0,6132	26,4191	
0,6132	26,4191	
0,6132	26,4191	
0,6132	26,4191	
0,6132	26,4191	
0,6149	26,4156	
0,6149	26,4156	
0,6149	26,4156	
0,6149	26,4156	
0,6149	26,4156	
0,6166	26,4118	
0,6166	26,4118	
0,6166	26,4118	
0,6166	26,4118	
0,6182	26,4071	
0,6182	26,4071	
0,6182	26,4071	
0,6196	26,4015	
0,6196	26,4015	
0,6208	26,3952	
0,5174	26,3491	
0,5174	26,3491	
0,5174	26,3491	
0,5174	26,3491	
0,5174	26,3491	
0,5174	26,3491	
0,5173	26,3476	
0,5173	26,3476	
0,5173	26,3476	
0,5173	26,3476	
0,5173	26,3476	
0,5173	26,3455	
0,5173	26,3455	
0,5173	26,3455	
0,5173	26,3455	
0,5172	26,3427	
0,5172	26,3427	
0,5172	26,3427	
0,5171	26,3391	
0,5171	26,3391	
0,5168	26,3344	
0,4898	26,0404	
0,4898	26,0404	
0,4898	26,0404	
0,4898	26,0404	
0,4898	26,0404	
0,4898	26,0404	
0,4898	26,039	
0,4898	26,039	
0,4898	26,039	
0,4898	26,039	
0,4898	26,039	
0,4898	26,0371	
0,4898	26,0371	
0,4898	26,0371	
0,4898	26,0371	
0,4898	26,0346	
0,4898	26,0346	
0,4898	26,0346	
0,4897	26,0313	
0,4897	26,0313	
0,4895	26,0269	
0,4739	25,5119	
0,4739	25,5119	
0,4739	25,5119	
0,4739	25,5119	
0,4739	25,5119	
0,4739	25,5119	
0,4736	25,511	
0,4736	25,511	
0,4736	25,511	
0,4736	25,511	
0,4736	25,511	
0,4733	25,5097	
0,4733	25,5097	
0,4733	25,5097	
0,4733	25,5097	
0,4729	25,508	
0,4729	25,508	
0,4729	25,508	
0,4723	25,5056	
0,4723	25,5056	
0,4716	25,5023	
0,4803	24,7226	
0,4803	24,7226	
0,4803	24,7226	
0,4803	24,7226	
0,4803	24,7226	
0,4803	24,7226	
0,48	24,7219	
0,48	24,7219	
0,48	24,7219	
0,48	24,7219	
0,48	24,7219	
0,4797	24,721	
0,4797	24,721	
0,4797	24,721	
0,4797	24,721	
0,4793	24,7196	
0,4793	24,7196	
0,4793	24,7196	
0,4788	24,7177	
0,4788	24,7177	
0,4782	24,7151	
0,4976	23,6722	
0,4976	23,6722	
0,4976	23,6722	
0,4976	23,6722	
0,4976	23,6722	
0,4976	23,6722	
0,4974	23,6716	
0,4974	23,6716	
0,4974	23,6716	
0,4974	23,6716	
0,4974	23,6716	
0,4972	23,6709	
0,4972	23,6709	
0,4972	23,6709	
0,4972	23,6709	
0,4969	23,6698	
0,4969	23,6698	
0,4969	23,6698	
0,4965	23,6684	
0,4965	23,6684	
0,4959	23,6663	
0,7585	25,3051	
0,7401	25,6762	
0,7401	25,6762	
0,7409	25,669	
0,7182	25,9791	
0,7182	25,9791	
0,7182	25,9791	
0,7192	25,973	
0,7192	25,973	
0,72	25,9661	
0,6921	26,2102	
0,6921	26,2102	
0,6921	26,2102	
0,6921	26,2102	
0,6933	26,2052	
0,6933	26,2052	
0,6933	26,2052	
0,6943	26,1995	
0,6943	26,1995	
0,6949	26,1927	
0,6602	26,3626	
0,6602	26,3626	
0,6602	26,3626	
0,6602	26,3626	
0,6602	26,3626	
0,6615	26,3585	
0,6615	26,3585	
0,6615	26,3585	
0,6615	26,3585	
0,6626	26,3539	
0,6626	26,3539	
0,6626	26,3539	
0,6635	26,3483	
0,6635	26,3483	
0,664	26,3417	
0,6199	26,4234	
0,6199	26,4234	
0,6199	26,4234	
0,6199	26,4234	
0,6199	26,4234	
0,6199	26,4234	
0,6212	26,4201	
0,6212	26,4201	
0,6212	26,4201	
0,6212	26,4201	
0,6212	26,4201	
0,6224	26,4164	
0,6224	26,4164	
0,6224	26,4164	
0,6224	26,4164	
0,6234	26,412	
0,6234	26,412	
0,6234	26,412	
0,6242	26,4066	
0,6242	26,4066	
0,6245	26,4006	
0,5692	26,3695	
0,5692	26,3695	
0,5692	26,3695	
0,5692	26,3695	
0,5692	26,3695	
0,5692	26,3695	
0,5704	26,3666	
0,5704	26,3666	
0,5704	26,3666	
0,5704	26,3666	
0,5704	26,3666	
0,5715	26,3631	
0,5715	26,3631	
0,5715	26,3631	
0,5715	26,3631	
0,5724	26,3589	
0,5724	26,3589	
0,5724	26,3589	
0,573	26,3542	
0,573	26,3542	
0,5731	26,3485	
0,5538	26,1249	
0,5538	26,1249	
0,5538	26,1249	
0,5538	26,1249	
0,5538	26,1249	
0,5538	26,1249	
0,5537	26,1234	
0,5537	26,1234	
0,5537	26,1234	
0,5537	26,1234	
0,5537	26,1234	
0,5536	26,1214	
0,5536	26,1214	
0,5536	26,1214	
0,5536	26,1214	
0,5534	26,1187	
0,5534	26,1187	
0,5534	26,1187	
0,5531	26,1151	
0,5531	26,1151	
0,5525	26,1104	
0,5585	25,6669	
0,5585	25,6669	
0,5585	25,6669	
0,5585	25,6669	
0,5585	25,6669	
0,5585	25,6669	
0,5585	25,6655	
0,5585	25,6655	
0,5585	25,6655	
0,5585	25,6655	
0,5585	25,6655	
0,5584	25,6637	
0,5584	25,6637	
0,5584	25,6637	
0,5584	25,6637	
0,5583	25,6613	
0,5583	25,6613	
0,5583	25,6613	
0,558	25,6581	
0,558	25,6581	
0,5575	25,654	
0,5628	24,9812	
0,5628	24,9812	
0,5628	24,9812	
0,5628	24,9812	
0,5628	24,9812	
0,5628	24,9812	
0,5628	24,9801	
0,5628	24,9801	
0,5628	24,9801	
0,5628	24,9801	
0,5628	24,9801	
0,5628	24,9785	
0,5628	24,9785	
0,5628	24,9785	
0,5628	24,9785	
0,5626	24,9765	
0,5626	24,9765	
0,5626	24,9765	
0,5624	24,9739	
0,5624	24,9739	
0,5619	24,9705	
0,5066	25,3585	
0,5294	25,7203	
0,5294	25,7203	
0,5296	25,7132	
0,5498	26,0136	
0,5498	26,0136	
0,5498	26,0136	
0,5503	26,0077	
0,5503	26,0077	
0,5503	26,001	
0,5684	26,2347	
0,5684	26,2347	
0,5684	26,2347	
0,5684	26,2347	
0,5691	26,2298	
0,5691	26,2298	
0,5691	26,2298	
0,5694	26,2243	
0,5694	26,2243	
0,5693	26,2177	
0,5861	26,376	
0,5861	26,376	
0,5861	26,376	
0,5861	26,376	
0,5861	26,376	
0,587	26,3721	
0,587	26,3721	
0,587	26,3721	
0,587	26,3721	
0,5876	26,3677	
0,5876	26,3677	
0,5876	26,3677	
0,5878	26,3623	
0,5878	26,3623	
0,5874	26,3559	
0,604	26,4241	
0,604	26,4241	
0,604	26,4241	
0,604	26,4241	
0,604	26,4241	
0,604	26,4241	
0,605	26,4209	
0,605	26,4209	
0,605	26,4209	
0,605	26,4209	
0,605	26,4209	
0,6057	26,4174	
0,6057	26,4174	
0,6057	26,4174	
0,6057	26,4174	
0,6062	26,4131	
0,6062	26,4131	
0,6062	26,4131	
0,6062	26,408	
0,6062	26,408	
0,6056	26,4022	
0,6242	26,3549	
0,6242	26,3549	
0,6242	26,3549	
0,6242	26,3549	
0,6242	26,3549	
0,6242	26,3549	
0,625	26,3521	
0,625	26,3521	
0,625	26,3521	
0,625	26,3521	
0,625	26,3521	
0,6257	26,3488	
0,6257	26,3488	
0,6257	26,3488	
0,6257	26,3488	
0,626	26,3448	
0,626	26,3448	
0,626	26,3448	
0,6259	26,3402	
0,6259	26,3402	
0,625	26,3347	
0,6467	26,1415	
0,6467	26,1415	
0,6467	26,1415	
0,6467	26,1415	
0,6467	26,1415	
0,6467	26,1415	
0,6474	26,1389	
0,6474	26,1389	
0,6474	26,1389	
0,6474	26,1389	
0,6474	26,1389	
0,6479	26,1359	
0,6479	26,1359	
0,6479	26,1359	
0,6479	26,1359	
0,6481	26,1324	
0,6481	26,1324	
0,6481	26,1324	
0,6478	26,1283	
0,6478	26,1283	
0,6466	26,1234	
0,6719	25,7468	
0,6719	25,7468	
0,6719	25,7468	
0,6719	25,7468	
0,6719	25,7468	
0,6719	25,7468	
0,6726	25,7445	
0,6726	25,7445	
0,6726	25,7445	
0,6726	25,7445	
0,6726	25,7445	
0,6729	25,742	
0,6729	25,742	
0,6729	25,742	
0,6729	25,742	
0,673	25,739	
0,673	25,739	
0,673	25,739	
0,6725	25,7354	
0,6725	25,7354	
0,6712	25,7313	
0,311	25,3274	
0,3491	25,7071	
0,3491	25,7071	
0,3476	25,7012	
0,3865	26,0172	
0,3865	26,0172	
0,3865	26,0172	
0,3853	26,0125	
0,3853	26,0125	
0,3839	26,0067	
0,4301	26,2486	
0,4301	26,2486	
0,4301	26,2486	
0,4301	26,2486	
0,4307	26,2434	
0,4307	26,2434	
0,4307	26,2434	
0,4312	26,2373	
0,4312	26,2373	
0,4316	26,2296	
0,4902	26,386	
0,4902	26,386	
0,4902	26,386	
0,4902	26,386	
0,4902	26,386	
0,4906	26,3822	
0,4906	26,3822	
0,4906	26,3822	
0,4906	26,3822	
0,4906	26,3779	
0,4906	26,3779	
0,4906	26,3779	
0,4901	26,3727	
0,4901	26,3727	
0,4888	26,3665	
0,5644	26,4216	
0,5644	26,4216	
0,5644	26,4216	
0,5644	26,4216	
0,5644	26,4216	
0,5644	26,4216	
0,5649	26,4186	
0,5649	26,4186	
0,5649	26,4186	
0,5649	26,4186	
0,5649	26,4186	
0,5652	26,4152	
0,5652	26,4152	
0,5652	26,4152	
0,5652	26,4152	
0,5651	26,4111	
0,5651	26,4111	
0,5651	26,4111	
0,5643	26,4061	
0,5643	26,4061	
0,5628	26,4005	
0,6522	26,3373	
0,6522	26,3373	
0,6522	26,3373	
0,6522	26,3373	
0,6522	26,3373	
0,6522	26,3373	
0,6526	26,3347	
0,6526	26,3347	
0,6526	26,3347	
0,6526	26,3347	
0,6526	26,3347	
0,6527	26,3315	
0,6527	26,3315	
0,6527	26,3315	
0,6527	26,3315	
0,6525	26,3277	
0,6525	26,3277	
0,6525	26,3277	
0,6515	26,3233	
0,6515	26,3233	
0,6497	26,318	
0,7583	26,1053	
0,7583	26,1053	
0,7583	26,1053	
0,7583	26,1053	
0,7583	26,1053	
0,7583	26,1053	
0,7586	26,1028	
0,7586	26,1028	
0,7586	26,1028	
0,7586	26,1028	
0,7586	26,1028	
0,7587	26,0999	
0,7587	26,0999	
0,7587	26,0999	
0,7587	26,0999	
0,7582	26,0966	
0,7582	26,0966	
0,7582	26,0966	
0,7571	26,0927	
0,7571	26,0927	
0,7549	26,088	
0,2247	25,1585	
0,2596	25,5758	
0,2596	25,5758	
0,2571	25,5703	
0,2984	25,9192	
0,2984	25,9192	
0,2984	25,9192	
0,2969	25,9143	
0,2969	25,9143	
0,2952	25,9083	
0,3502	26,1782	
0,3502	26,1782	
0,3502	26,1782	
0,3502	26,1782	
0,349	26,1745	
0,349	26,1745	
0,349	26,1745	
0,3476	26,1697	
0,3476	26,1697	
0,3459	26,1634	
0,4035	26,3603	
0,4035	26,3603	
0,4035	26,3603	
0,4035	26,3603	
0,4035	26,3603	
0,4026	26,3574	
0,4026	26,3574	
0,4026	26,3574	
0,4026	26,3574	
0,4015	26,3538	
0,4015	26,3538	
0,4015	26,3538	
0,4002	26,3489	
0,4002	26,3489	
0,3984	26,3424	
0,4997	26,4162	
0,4997	26,4162	
0,4997	26,4162	
0,4997	26,4162	
0,4997	26,4162	
0,4997	26,4162	
0,4998	26,4132	
0,4998	26,4132	
0,4998	26,4132	
0,4998	26,4132	
0,4998	26,4132	
0,4996	26,41	
0,4996	26,41	
0,4996	26,41	
0,4996	26,41	
0,4989	26,406	
0,4989	26,406	
0,4989	26,406	
0,4974	26,4013	
0,4974	26,4013	
0,4949	26,3958	
0,6512	26,3175	
0,6512	26,3175	
0,6512	26,3175	
0,6512	26,3175	
0,6512	26,3175	
0,6512	26,3175	
0,6512	26,3149	
0,6512	26,3149	
0,6512	26,3149	
0,6512	26,3149	
0,6512	26,3149	
0,6509	26,3119	
0,6509	26,3119	
0,6509	26,3119	
0,6509	26,3119	
0,6499	26,3082	
0,6499	26,3082	
0,6499	26,3082	
0,6482	26,304	
0,6482	26,304	
0,6453	26,2989	
0,1796	24,9263	
0,2106	25,3815	
0,2106	25,3815	
0,208	25,3755	
0,2416	25,7675	
0,2416	25,7675	
0,2416	25,7675	
0,2394	25,7628	
0,2394	25,7628	
0,2369	25,7568	
0,2803	26,0749	
0,2803	26,0749	
0,2803	26,0749	
0,2803	26,0749	
0,2783	26,0714	
0,2783	26,0714	
0,2783	26,0714	
0,2762	26,0669	
0,2762	26,0669	
0,2736	26,0607	
0,3315	26,2959	
0,3315	26,2959	
0,3315	26,2959	
0,3315	26,2959	
0,3315	26,2959	
0,3304	26,2929	
0,3304	26,2929	
0,3304	26,2929	
0,3304	26,2929	
0,3291	26,289	
0,3291	26,289	
0,3291	26,289	
0,3274	26,2839	
0,3274	26,2839	
0,3253	26,277	
0,4113	26,4082	
0,4113	26,4082	
0,4113	26,4082	
0,4113	26,4082	
0,4113	26,4082	
0,4113	26,4082	
0,411	26,4054	
0,411	26,4054	
0,411	26,4054	
0,411	26,4054	
0,411	26,4054	
0,4103	26,4022	
0,4103	26,4022	
0,4103	26,4022	
0,4103	26,4022	
0,4089	26,3984	
0,4089	26,3984	
0,4089	26,3984	
0,4066	26,3938	
0,4066	26,3938	
0,4031	26,3886	
0,1314	24,6669	
0,1657	25,1535	
0,1657	25,1535	
0,1629	25,1472	
0,2002	25,5714	
0,2002	25,5714	
0,2002	25,5714	
0,1978	25,5663	
0,1978	25,5663	
0,1951	25,5599	
0,2348	25,9188	
0,2348	25,9188	
0,2348	25,9188	
0,2348	25,9188	
0,2328	25,915	
0,2328	25,915	
0,2328	25,915	
0,2305	25,91	
0,2305	25,91	
0,2278	25,9031	
0,2721	26,1909	
0,2721	26,1909	
0,2721	26,1909	
0,2721	26,1909	
0,2721	26,1909	
0,2702	26,1881	
0,2702	26,1881	
0,2702	26,1881	
0,2702	26,1881	
0,2683	26,1844	
0,2683	26,1844	
0,2683	26,1844	
0,2659	26,1793	
0,2659	26,1793	
0,263	26,1723	
0,0934	24,358	
0,1201	24,8881	
0,1201	24,8881	
0,1191	24,8793	
0,1526	25,3446	
0,1526	25,3446	
0,1526	25,3446	
0,1499	25,3392	
0,1499	25,3392	
0,147	25,3323	
0,1908	25,7258	
0,1908	25,7258	
0,1908	25,7258	
0,1908	25,7258	
0,1885	25,7216	
0,1885	25,7216	
0,1885	25,7216	
0,186	25,7162	
0,186	25,7162	
0,1831	25,7088	
