1560.713	-0.0665190170621
1559.794	-0.0122818962306
1559.04	0.0347862121721
1558.187	0.0889822883625
1557.433	0.143842135103
1556.613	0.213725542943
1555.858	0.279307047183
1555.038	0.348479866766
1554.153	0.415559833909
1553.398	0.492286234246
1552.578	0.54953272176
1551.758	0.620529080326
1550.971	0.690637071843
1550.02	0.749236675166
1549.397	0.807654631542
1548.61	0.857580858779
1547.822	0.920730103699
1547.002	0.971685108749
1546.182	1.02432478995
1545.395	1.07894674109
1544.608	1.13956249605
1543.788	1.19297175829
1543.001	1.26581786376
1542.214	1.33970177641
1541.426	1.41025325561
1540.639	1.48082911358
1539.852	1.54892552227
1538.966	1.60436052283
1538.278	1.62402563578
1537.425	1.61714711919
1536.638	1.57235929436
1535.883	1.48561342609
1535.096	1.37324382515
1534.342	1.24831953927
1533.587	1.13844205185
1532.8	1.0524284651
1532.013	1.0031202026
1531.226	0.996408837419
1530.438	1.03190712201
1529.651	1.11324158948
