	Rp_Pot	OSNR_NLI	Rp_OSNR
1:	0.6863059997558673 0.06891445988473895 3.743446407674865
26.02073689844599 20.538915482970268 29.87474455230296 29.939596288592536 16.348322519920952 0.0 3.164763102052662 4.1215823876815065
[(0,00) -5,09	26,02	20,93 (16,35)	6,78	1,34	0,00]
[(0,00) -15,24	20,54	5,30 (0,00)	10,95	0,78	0,00]
[(0,00) -15,11	29,87	14,76 (3,16)	6,11	0,60	0,00]
[(0,00) -8,45	29,94	21,49 (6,58)	5,58	0,69	0,00]
2:	0.7646198272705095 0.0655765890430837 3.743472481273857
25.91306527642036 20.84074178348813 29.91706378746481 29.940219932124304 15.773178115582617 0.11965000061736686 3.752234058898078 2.941631497116388
[(0,00) -5,09	25,91	20,82 (15,77)	6,82	1,34	0,00]
[(0,00) -14,76	20,84	6,08 (0,12)	10,64	0,93	0,00]
[(0,00) -14,42	29,92	15,50 (3,75)	6,03	0,80	0,00]
[(0,00) -8,28	29,94	21,66 (6,75)	5,57	0,76	0,00]
3:	0.7428836822509716 0.06714766000611806 3.7490861007431313
25.670013312448738 21.405305259096863 29.883280359012495 30.0 16.207422908676456 0.0 4.532023687715306 2.9115514119791035
[(0,00) -5,09	25,67	20,58 (16,21)	6,93	1,35	0,00]
[(0,00) -15,43	21,41	5,98 (0,00)	10,35	0,79	0,00]
[(0,00) -14,46	29,88	15,42 (4,53)	6,05	0,67	0,00]
[(0,00) -9,13	30,00	20,87 (5,96)	5,60	0,74	0,00]
4:	4.777017593383789 0.04182519152300103 1.9428124561409028
26.58224395902201 25.600372184748913 27.909505664170624 26.025485363011605 6.281356004209194 7.401654089582662 6.633219398442245 5.905131000700398
[(0,00) -5,09	26,58	21,49 (6,28)	6,54	1,26	0,00]
[(0,00) -4,63	25,60	20,97 (7,40)	6,94	2,64	0,00]
[(0,00) -6,23	27,91	21,68 (6,63)	6,10	3,42	0,00]
[(0,00) -4,78	26,03	21,24 (6,33)	6,76	4,78	0,00]
5:	0.6956672668457119 0.0687853999085283 3.743920608944318
25.983305679959056 21.265810890282708 29.886798881693363 30.0 16.733552742802942 0.0 4.223772233262395 3.10119143847976
[(0,00) -5,09	25,98	20,89 (16,73)	6,79	1,34	0,00]
[(0,00) -15,66	21,27	5,61 (0,00)	10,50	0,76	0,00]
[(0,00) -14,86	29,89	15,03 (4,22)	6,08	0,60	0,00]
[(0,00) -9,23	30,00	20,77 (5,86)	5,61	0,70	0,00]
6:	0.733222961425781 0.06739614525591589 3.7484318707169884
25.774308035328282 21.29910355364954 29.881554866701755 30.0 16.28992719687094 0.0 4.426783748548548 2.995842097987329
[(0,00) -5,09	25,77	20,68 (16,29)	6,88	1,35	0,00]
[(0,00) -15,41	21,30	5,89 (0,00)	10,43	0,79	0,00]
[(0,00) -14,55	29,88	15,33 (4,43)	6,06	0,66	0,00]
[(0,00) -9,12	30,00	20,88 (5,97)	5,60	0,73	0,00]
7:	0.7033004760742176 0.06786125411783686 3.74416101686268
26.09944103314048 20.66300384284988 29.921263438805177 29.95269877864555 16.315263855084524 0.022885951315097186 3.2901262302865364 3.369681931883519
[(0,00) -5,09	26,10	21,01 (16,32)	6,74	1,33	0,00]
[(0,00) -15,13	20,66	5,54 (0,02)	10,84	0,79	0,00]
[(0,00) -14,89	29,92	15,03 (3,29)	6,08	0,63	0,00]
[(0,00) -8,31	29,95	21,64 (6,73)	5,57	0,70	0,00]
8:	4.178024291992188 0.0421001888285574 1.96580909278223
26.315570647201415 24.8282253973795 28.808232999546235 26.99906563566082 5.724552224383871 7.9678814388010055 6.44999436576709 5.561194817759236
[(0,00) -5,09	26,32	21,23 (5,72)	6,65	1,31	0,00]
[(0,00) -4,33	24,83	20,50 (7,97)	7,28	2,64	0,00]
[(0,00) -7,24	28,81	21,57 (6,45)	5,85	3,02	0,00]
[(0,00) -4,73	27,00	22,27 (7,36)	6,35	4,18	0,00]
9:	4.82936477661133 0.0417483219031464 1.8901594993038735
26.64653803107237 25.552186325136233 27.819446187530612 25.994098625442412 6.107305714624213 7.47261703958846 6.488295337426363 6.100043065280739
[(0,00) -5,09	26,65	21,56 (6,11)	6,51	1,25	0,00]
[(0,00) -4,40	25,55	21,16 (7,47)	6,94	2,64	0,00]
[(0,00) -6,11	27,82	21,71 (6,49)	6,12	3,46	0,00]
[(0,00) -4,61	25,99	21,38 (6,47)	6,76	4,83	0,00]
10:	0.9495372772216768 0.047907425362110304 2.2090593092893904
24.136987927448924 30.0 29.972758748899075 29.967505149859516 12.029774860521016 4.856124736355715 10.0 0.5291650347805358
[(0,00) -5,09	24,14	19,05 (12,03)	7,68	1,16	0,00]
[(0,00) -12,75	30,00	17,25 (4,86)	5,86	1,07	0,00]
[(0,00) -7,61	29,97	22,37 (10,00)	5,52	0,97	0,00]
[(0,00) -7,58	29,97	22,39 (7,48)	5,52	0,95	0,00]
11:	0.9535999298095728 0.04772160816054977 2.2011825961046085
24.205773636967045 29.979222528789993 29.95934840662055 29.94228023965091 11.934186665895043 5.12689557408957 9.857005831300093 0.3560628599071194
[(0,00) -5,09	24,21	19,12 (11,93)	7,65	1,17	0,00]
[(0,00) -12,58	29,98	17,40 (5,13)	5,86	1,09	0,00]
[(0,00) -7,73	29,96	22,23 (9,86)	5,53	1,00	0,00]
[(0,00) -7,57	29,94	22,38 (7,46)	5,52	0,95	0,00]
12:	0.9555797576904274 0.04582332919357276 2.1533656363336036
24.335581274822534 30.0 30.0 30.0 8.15415028098984 10.67624443809654 9.830600574168745 0.0
[(0,00) -5,09	24,34	19,25 (8,15)	7,58	1,20	0,00]
[(0,00) -8,67	30,00	21,33 (10,68)	5,58	1,11	0,00]
[(0,00) -9,31	30,00	20,69 (9,83)	5,62	1,04	0,00]
[(0,00) -9,09	30,00	20,91 (6,00)	5,60	0,96	0,00]
13:	0.9373111724853445 0.049250356560875376 2.259808243969328
24.241770666402857 30.0 29.97942393266285 29.9849255845397 13.080259668155685 3.780485523802327 10.254877268516513 0.5186780698036364
[(0,00) -5,09	24,24	19,15 (13,08)	7,63	1,18	0,00]
[(0,00) -13,69	30,00	16,31 (3,78)	5,94	1,06	0,00]
[(0,00) -7,50	29,98	22,48 (10,25)	5,51	0,96	0,00]
[(0,00) -7,72	29,98	22,27 (7,36)	5,52	0,94	0,00]
14:	1.7722702026367234 0.04389589579129428 2.354048471922063
22.397509816586236 27.846607727149475 29.570516304993202 29.585986516835657 3.247550608386015 10.30342986167209 9.168973631392682 0.2795936560512675
[(0,00) -5,09	22,40	17,31 (3,25)	8,72	0,85	0,00]
[(0,00) -5,74	27,85	22,11 (10,30)	6,09	1,67	0,00]
[(0,00) -8,05	29,57	21,52 (9,17)	5,66	1,73	0,00]
[(0,00) -7,55	29,59	22,04 (7,13)	5,63	1,77	0,00]
15:	0.9644870758056673 0.0451367385465779 2.1187866290418462
23.942872908233056 29.991065501810766 29.964788247007878 29.969448553492676 9.056420070251967 7.822614175514579 9.734274442844832 0.0
[(0,00) -5,09	23,94	18,85 (9,06)	7,79	1,12	0,00]
[(0,00) -9,97	29,99	20,02 (7,82)	5,66	1,05	0,00]
[(0,00) -7,76	29,96	22,20 (9,73)	5,53	0,97	0,00]
[(0,00) -7,48	29,97	22,49 (7,58)	5,51	0,96	0,00]
16:	0.7733631134033241 0.06387112980011768 2.716706806775278
25.717793210332093 30.0 30.0 30.0 20.0 0.0 9.324755909695146 0.0
[(0,00) -5,09	25,72	20,63 (20,00)	6,91	1,35	0,00]
[(0,00) -19,18	30,00	10,82 (0,00)	6,62	0,63	0,00]
[(0,00) -9,53	30,00	20,47 (9,32)	5,63	0,60	0,00]
[(0,00) -8,81	30,00	21,19 (6,28)	5,58	0,77	0,00]
17:	0.6788597106933559 0.06945665656760996 3.7136543061550444
25.512908490878388 20.0 30.0 30.0 15.591314477645446 0.0 3.271551685180424 2.772345756666054
[(0,00) -5,09	25,51	20,42 (15,59)	7,00	1,34	0,00]
[(0,00) -14,96	20,00	5,04 (0,00)	11,28	0,81	0,00]
[(0,00) -15,31	30,00	14,69 (3,27)	6,10	0,61	0,00]
[(0,00) -8,66	30,00	21,34 (6,43)	5,57	0,68	0,00]
18:	0.7708244323730353 0.06533014924721131 2.955620612054094
25.91547582920579 28.55255931760559 29.929979917940432 29.97788754573285 20.0 0.0 8.807972311364349 0.434004189594118
[(0,00) -5,09	25,92	20,83 (20,00)	6,82	1,34	0,00]
[(0,00) -18,99	28,55	9,56 (0,00)	7,06	0,78	0,00]
[(0,00) -10,60	29,93	19,33 (8,81)	5,72	0,70	0,00]
[(0,00) -9,44	29,98	20,54 (5,63)	5,63	0,77	0,00]
19:	0.7938175201415997 0.05916670314391684 2.567729293893837
26.733194258763504 30.0 29.97623039136427 29.939540904069005 19.90199873104607 0.0 9.08308902726446 0.08897487540539992
[(0,00) -5,09	26,73	21,64 (19,90)	6,48	1,23	0,00]
[(0,00) -18,11	30,00	11,89 (0,00)	6,44	0,71	0,00]
[(0,00) -8,35	29,98	21,62 (9,08)	5,56	0,63	0,00]
[(0,00) -7,41	29,94	22,53 (7,62)	5,52	0,79	0,00]
20:	0.8297920227050788 0.05684708137395036 2.4557390041308587
26.974597501187215 30.0 29.841963796796374 30.0 19.07983192225057 0.5300197284338629 12.482495762455109 0.3927772051973615
[(0,00) -5,09	26,97	21,89 (19,08)	6,38	1,16	0,00]
[(0,00) -17,05	30,00	12,95 (0,53)	6,30	0,80	0,00]
[(0,00) -7,75	29,84	22,09 (12,48)	5,56	0,75	0,00]
[(0,00) -10,32	30,00	19,68 (4,77)	5,68	0,83	0,00]
21:	0.7878551483154307 0.05949371059281694 2.577212825493053
26.748797285649747 29.994279565309277 29.987465889239715 29.967968159195955 20.0 0.0 9.09607318228635 0.048412076567540756
[(0,00) -5,09	26,75	21,66 (20,00)	6,47	1,22	0,00]
[(0,00) -18,19	29,99	11,80 (0,00)	6,46	0,70	0,00]
[(0,00) -8,45	29,99	21,54 (9,10)	5,57	0,61	0,00]
[(0,00) -7,51	29,97	22,46 (7,55)	5,51	0,79	0,00]
22:	0.8227119445800836 0.05768905356235912 2.5779959680127362
26.90132073370204 29.464156889266267 30.0 30.0 19.3183487187541 0.6783203928173629 10.0 0.15888328740089408
[(0,00) -5,09	26,90	21,81 (19,32)	6,41	1,18	0,00]
[(0,00) -17,36	29,46	12,10 (0,68)	6,50	0,88	0,00]
[(0,00) -8,68	30,00	21,32 (10,00)	5,58	0,79	0,00]
[(0,00) -8,63	30,00	21,37 (6,46)	5,57	0,82	0,00]
23:	0.9528388977050819 0.04774343724444258 2.1993287721598627
24.229549752045237 30.0 29.946910942440898 29.93046209196309 12.026269343611869 4.916171649347042 10.00541109292383 0.564412814543992
[(0,00) -5,09	24,23	19,14 (12,03)	7,64	1,18	0,00]
[(0,00) -12,65	30,00	17,35 (4,92)	5,85	1,09	0,00]
[(0,00) -7,57	29,95	22,38 (10,01)	5,52	1,00	0,00]
[(0,00) -7,57	29,93	22,36 (7,45)	5,53	0,95	0,00]
24:	1.4849739074707016 0.044234135341131416 2.1156593190055837
24.69865576699047 29.50430099405264 29.394865097692083 29.674520993151816 8.481151810939672 8.710899088844137 9.487164888137578 0.11456921703715713
[(0,00) -5,09	24,70	19,61 (8,48)	7,39	1,26	0,00]
[(0,00) -8,64	29,50	20,86 (8,71)	5,72	1,35	0,00]
[(0,00) -7,74	29,39	21,65 (9,49)	5,69	1,47	0,00]
[(0,00) -7,72	29,67	21,95 (7,04)	5,61	1,48	0,00]
25:	0.8444538116454986 0.0549545862376368 2.3930167086367113
26.739753729876586 29.99987590773679 29.9576903710758 29.99580270362689 18.240319586547542 2.135311810272353 10.261519483877136 0.13222458816212035
[(0,00) -5,09	26,74	21,65 (18,24)	6,47	1,23	0,00]
[(0,00) -16,44	30,00	13,56 (2,14)	6,22	0,93	0,00]
[(0,00) -8,71	29,96	21,25 (10,26)	5,59	0,86	0,00]
[(0,00) -8,96	30,00	21,04 (6,13)	5,59	0,84	0,00]
26:	1.982980728149413 0.0428582126649396 1.955156034533573
26.666412343324836 29.718662214189102 28.785118327587007 28.8296230632219 9.395408154049623 8.729311566413205 9.827672307225697 1.5061453468575572
[(0,00) -5,09	26,67	21,58 (9,40)	6,50	1,24	0,00]
[(0,00) -7,66	29,72	22,05 (8,73)	5,59	1,24	0,00]
[(0,00) -6,59	28,79	22,19 (9,83)	5,82	1,62	0,00]
[(0,00) -7,49	28,83	21,34 (6,43)	5,86	1,98	0,00]
27:	0.7813529968261743 0.06213409622421857 2.648170318509905
26.21502479725559 30.0 30.0 30.0 20.0 0.0 10.851019602617724 0.0
[(0,00) -5,09	26,22	21,13 (20,00)	6,69	1,32	0,00]
[(0,00) -18,70	30,00	11,30 (0,00)	6,54	0,70	0,00]
[(0,00) -9,00	30,00	21,00 (10,85)	5,60	0,62	0,00]
[(0,00) -9,81	30,00	20,19 (5,28)	5,65	0,78	0,00]
28:	1.515476226806647 0.044100695315626416 2.124472393811793
24.541409142856814 29.35448344321128 29.488025820160054 29.566678703756164 8.295034372327658 8.339403788585606 9.703732816292169 0.5340728493302305
[(0,00) -5,09	24,54	19,45 (8,30)	7,47	1,23	0,00]
[(0,00) -8,61	29,35	20,74 (8,34)	5,76	1,38	0,00]
[(0,00) -7,48	29,49	22,01 (9,70)	5,65	1,46	0,00]
[(0,00) -7,58	29,57	21,98 (7,07)	5,63	1,52	0,00]
29:	3.680625915527344 0.042238384821824446 2.154566177812974
26.772544024189227 26.150328415586127 28.95646858738953 27.814897208418824 6.837993511812021 8.339066390370386 8.180738542969442 3.6951473512284387
[(0,00) -5,09	26,77	21,68 (6,84)	6,46	1,22	0,00]
[(0,00) -5,01	26,15	21,15 (8,34)	6,71	2,55	0,00]
[(0,00) -7,00	28,96	21,95 (8,18)	5,79	2,85	0,00]
[(0,00) -6,09	27,81	21,73 (6,82)	6,12	3,68	0,00]
30:	3.5338497161865123 0.0423714336966469 2.1354024237670934
24.295376380691366 26.898736918012567 28.79974964714855 27.93372265107048 4.292968293024819 9.208333305920673 7.933702844568622 3.057201627140379
[(0,00) -5,09	24,30	19,21 (4,29)	7,60	1,19	0,00]
[(0,00) -4,85	26,90	22,05 (9,21)	6,40	2,38	0,00]
[(0,00) -7,01	28,80	21,79 (7,93)	5,84	2,76	0,00]
[(0,00) -6,00	27,93	21,94 (7,03)	6,07	3,53	0,00]
31:	0.7791042327880813 0.06309812183240679 2.672177406532528
26.03132527661203 30.0 30.0 30.0 20.0 0.0 11.228500163636987 0.0
[(0,00) -5,09	26,03	20,94 (20,00)	6,77	1,34	0,00]
[(0,00) -18,88	30,00	11,12 (0,00)	6,57	0,68	0,00]
[(0,00) -9,20	30,00	20,80 (11,23)	5,61	0,60	0,00]
[(0,00) -10,38	30,00	19,62 (4,71)	5,69	0,78	0,00]
32:	0.9225559234619146 0.05455978510937989 2.437607312385552
24.68112590719248 29.927934883286657 30.0 29.926485456310015 15.396238702431088 3.3188389820476356 11.895961204095574 0.06207614893095467
[(0,00) -5,09	24,68	19,59 (15,40)	7,40	1,26	0,00]
[(0,00) -15,57	29,93	14,35 (3,32)	6,15	1,05	0,00]
[(0,00) -9,04	30,00	20,96 (11,90)	5,60	0,97	0,00]
[(0,00) -10,89	29,93	19,03 (4,12)	5,74	0,92	0,00]
33:	0.7870922088623056 0.06089682842709407 2.602321718408472
26.55630619444555 30.0 30.0 30.0 20.0 0.0 11.31623169356383 0.0
[(0,00) -5,09	26,56	21,47 (20,00)	6,55	1,27	0,00]
[(0,00) -18,38	30,00	11,62 (0,00)	6,49	0,71	0,00]
[(0,00) -8,65	30,00	21,35 (11,32)	5,57	0,62	0,00]
[(0,00) -9,91	30,00	20,09 (5,17)	5,66	0,79	0,00]
34:	0.7732048034668005 0.06470540730479804 2.7316088475830185
25.590047748394877 30.0 30.0 30.0 20.0 0.0 10.017478152168529 0.0
[(0,00) -5,09	25,59	20,50 (20,00)	6,97	1,34	0,00]
[(0,00) -19,30	30,00	10,70 (0,00)	6,64	0,60	0,00]
[(0,00) -9,66	30,00	20,34 (10,02)	5,64	0,60	0,00]
[(0,00) -9,64	30,00	20,36 (5,45)	5,64	0,77	0,00]
35:	0.7845573425292944 0.06146193315219324 2.624725404291837
26.38987125863532 30.0 30.0 30.0 20.0 0.0 11.025711252903617 0.0
[(0,00) -5,09	26,39	21,30 (20,00)	6,62	1,30	0,00]
[(0,00) -18,53	30,00	11,47 (0,00)	6,51	0,71	0,00]
[(0,00) -8,82	30,00	21,18 (11,03)	5,59	0,63	0,00]
[(0,00) -9,80	30,00	20,20 (5,29)	5,65	0,78	0,00]
36:	1.3093662261962804 0.044389363242485595 2.0885887580012756
24.671637806422357 29.780257904021614 29.459410714689056 29.790189573155324 9.018188247761582 8.154735903649161 9.650301502007352 0.017649048283614688
[(0,00) -5,09	24,67	19,58 (9,02)	7,41	1,25	0,00]
[(0,00) -9,21	29,78	20,57 (8,15)	5,67	1,25	0,00]
[(0,00) -7,51	29,46	21,95 (9,65)	5,66	1,34	0,00]
[(0,00) -7,59	29,79	22,20 (7,29)	5,57	1,31	0,00]
37:	0.7579784393310574 0.06626348759945215 3.037596835059409
26.22707381317089 27.749117308535205 30.0 30.0 20.0 0.0 10.586996680570568 0.0
[(0,00) -5,09	26,23	21,14 (20,00)	6,69	1,32	0,00]
[(0,00) -18,69	27,75	9,06 (0,00)	7,30	0,84	0,00]
[(0,00) -11,06	30,00	18,94 (10,59)	5,73	0,70	0,00]
[(0,00) -11,62	30,00	18,38 (3,47)	5,78	0,76	0,00]
38:	0.7754631042480404 0.06348451683451839 2.7006141243756403
25.831056326021123 30.0 30.0 30.0 20.0 0.0 9.802684399764633 0.0
[(0,00) -5,09	25,83	20,74 (20,00)	6,86	1,35	0,00]
[(0,00) -19,07	30,00	10,93 (0,00)	6,60	0,65	0,00]
[(0,00) -9,41	30,00	20,59 (9,80)	5,62	0,60	0,00]
[(0,00) -9,17	30,00	20,83 (5,92)	5,61	0,78	0,00]
39:	0.996078491210932 0.04478224939522228 2.15665023485737
23.709435083366163 29.631093872881067 29.965077169431563 29.973838309493186 7.958790175342801 8.58092231866354 9.65808051573897 0.009157215257457678
[(0,00) -5,09	23,71	18,62 (7,96)	7,92	1,08	0,00]
[(0,00) -9,11	29,63	20,53 (8,58)	5,71	1,13	0,00]
[(0,00) -7,96	29,97	22,00 (9,66)	5,54	1,04	0,00]
[(0,00) -7,60	29,97	22,37 (7,46)	5,52	1,00	0,00]