	Rp_Pot	OSNR_NLI	Rp_OSNR
1:	0.46236801147461254 0.04214695603319563 1.4897192426470198
23.306520726007513 28.567974410863386 20.880417073652797 28.556970631104804 5.9592793924908785 3.984087128028847 5.265281133581588 0.5913868016965285
[(0,00) -5,09	23,31	18,22 (5,96)	4,69	1,57	0,00]
[(0,00) -7,68	28,57	20,89 (3,98)	4,46	1,09	0,00]
[(0,00) -3,08	20,88	17,81 (5,27)	4,94	2,54	0,00]
[(0,00) -7,51	28,56	21,04 (6,13)	4,46	0,46	0,00]
2:	0.4262695312500019 0.04269716873590607 1.6743637848875892
23.0592955656977 28.6274983433802 20.5645410770424 28.961439318517172 5.70349987599999 3.580104985455978 5.691062382468339 0.0
[(0,00) -5,09	23,06	17,97 (5,70)	4,70	1,74	0,00]
[(0,00) -7,68	28,63	20,95 (3,58)	4,46	0,94	0,00]
[(0,00) -2,63	20,56	17,94 (5,69)	4,98	2,90	0,00]
[(0,00) -7,80	28,96	21,16 (6,25)	4,46	0,43	0,00]
3:	0.42618179321288896 0.04270942793765847 1.6735168412146777
23.074518062432663 28.64004445731707 20.551762932012956 28.94471965441132 5.759838745173723 3.552442145927282 5.672770102727038 0.0
[(0,00) -5,09	23,07	17,99 (5,76)	4,70	1,73	0,00]
[(0,00) -7,72	28,64	20,92 (3,55)	4,46	0,96	0,00]
[(0,00) -2,63	20,55	17,92 (5,67)	4,98	2,89	0,00]
[(0,00) -7,80	28,94	21,15 (6,24)	4,46	0,43	0,00]
4:	0.42023658752440457 0.044212511169712594 1.875524194908337
23.477624523138132 28.857685409320844 20.0 28.877567324800886 7.445852037095938 3.3288363227883755 5.666674858054353 0.07518069071675293
[(0,00) -5,09	23,48	18,39 (7,45)	4,68	1,45	0,00]
[(0,00) -8,99	28,86	19,87 (3,33)	4,46	1,37	0,00]
[(0,00) -3,47	20,00	16,53 (5,67)	4,96	2,88	0,00]
[(0,00) -9,26	28,88	19,62 (4,71)	4,46	0,42	0,00]
5:	0.420576095581051 0.043030159770729 1.7326685797645531
23.25314658318205 28.732172746015554 20.146702526078304 28.993823831777167 6.189199789878544 3.2010764762588026 5.607170381305025 0.0
[(0,00) -5,09	23,25	18,16 (6,19)	4,69	1,60	0,00]
[(0,00) -7,96	28,73	20,77 (3,20)	4,46	1,15	0,00]
[(0,00) -2,43	20,15	17,72 (5,61)	5,01	2,99	0,00]
[(0,00) -7,96	28,99	21,04 (6,13)	4,46	0,42	0,00]
6:	0.4266548156738146 0.04267774560600366 1.6658867801432535
23.079205823841388 28.62977441756843 20.564481211328022 28.93390646581599 5.751142894523177 3.5679096497952427 5.65074186562659 0.024422064997066784
[(0,00) -5,09	23,08	17,99 (5,75)	4,70	1,73	0,00]
[(0,00) -7,71	28,63	20,92 (3,57)	4,46	0,95	0,00]
[(0,00) -2,64	20,56	17,93 (5,65)	4,98	2,89	0,00]
[(0,00) -7,77	28,93	21,16 (6,25)	4,46	0,43	0,00]
7:	0.4313755035400425 0.042584655613812056 1.6330656392672758
23.11976342293482 28.627751912753826 20.619548013596155 28.838986554271074 5.820985006190244 3.616214848969282 5.563425071411492 0.20216566479471254
[(0,00) -5,09	23,12	18,03 (5,82)	4,70	1,70	0,00]
[(0,00) -7,74	28,63	20,89 (3,62)	4,46	0,98	0,00]
[(0,00) -2,72	20,62	17,90 (5,56)	4,97	2,82	0,00]
[(0,00) -7,71	28,84	21,13 (6,22)	4,46	0,43	0,00]
8:	0.42279052734374667 0.04276480725218761 1.6918668189120112
23.0332700980639 28.651224855443047 20.532494742407867 28.967067520763845 5.7632055227812495 3.494944853400027 5.666531253245797 0.04899881939991482
[(0,00) -5,09	23,03	17,94 (5,76)	4,70	1,76	0,00]
[(0,00) -7,77	28,65	20,88 (3,49)	4,46	0,93	0,00]
[(0,00) -2,61	20,53	17,92 (5,67)	4,98	2,93	0,00]
[(0,00) -7,79	28,97	21,18 (6,27)	4,46	0,42	0,00]
9:	0.45395088195801464 0.04230567575402844 1.44763619233278
23.57341735655685 28.941580000038854 20.566330260227097 28.404490893257986 6.807218013934321 4.048401049528761 4.661444732093651 0.4534592771939059
[(0,00) -5,09	23,57	18,48 (6,81)	4,68	1,38	0,00]
[(0,00) -8,25	28,94	20,69 (4,05)	4,46	1,51	0,00]
[(0,00) -3,36	20,57	17,21 (4,66)	4,93	2,37	0,00]
[(0,00) -7,57	28,40	20,84 (5,93)	4,46	0,45	0,00]
10:	0.43657493591307933 0.04239970718061419 1.6382092271715152
22.934089951442953 28.518859349335585 20.84369143997556 28.90211759002099 5.39086359233139 3.9233208371767763 5.522583140917009 0.2816488425012351
[(0,00) -5,09	22,93	17,84 (5,39)	4,71	1,83	0,00]
[(0,00) -7,50	28,52	21,02 (3,92)	4,47	0,78	0,00]
[(0,00) -2,89	20,84	17,95 (5,52)	4,95	2,86	0,00]
[(0,00) -7,60	28,90	21,30 (6,39)	4,46	0,44	0,00]
11:	0.6045227050781231 0.04033840601133667 0.008485344154358643
24.839360582013423 28.92422212243364 21.11218936627489 26.769577684751244 7.362878473936858 5.667674993214809 2.988381143196969 3.2136264550705254
[(0,00) -5,09	24,84	19,75 (7,36)	4,63	0,48	0,00]
[(0,00) -7,49	28,92	21,43 (5,67)	4,46	2,46	0,00]
[(0,00) -4,19	21,11	16,92 (2,99)	4,85	1,07	0,00]
[(0,00) -6,22	26,77	20,55 (5,64)	4,52	0,60	0,00]
12:	0.5870380401611405 0.04075323851285063 0.05908407148845285
25.904784772842333 29.140977913427108 21.286127054620167 25.55420950882077 10.275514136442894 4.253397874353222 2.3249795618500393 2.809493191999592
[(0,00) -5,09	25,90	20,82 (10,28)	4,60	0,53	0,00]
[(0,00) -9,32	29,14	19,82 (4,25)	4,47	3,38	0,00]
[(0,00) -4,37	21,29	16,91 (2,32)	4,83	0,37	0,00]
[(0,00) -5,62	25,55	19,94 (5,03)	4,58	0,59	0,00]
13:	0.7907791137695377 0.039679865556710284 0.08140051973713014
25.602535601075182 28.121894619322866 22.179169644222632 25.764428401580066 8.102900531674539 6.174001772273698 2.3143503135001504 3.283892289053625
[(0,00) -5,09	25,60	20,51 (8,10)	4,61	0,35	0,00]
[(0,00) -7,45	28,12	20,67 (6,17)	4,47	2,54	0,00]
[(0,00) -5,39	22,18	16,79 (2,31)	4,73	0,58	0,00]
[(0,00) -5,62	25,76	20,14 (5,23)	4,58	0,79	0,00]
14:	1.093904495239251 0.03922754045170453 0.12935804132249373
25.444853394893865 26.830461859765308 23.364059527949195 25.706375085135612 6.4525844730202255 6.757651890326219 2.259868301971342 3.217385387302147
[(0,00) -5,09	25,44	20,36 (6,45)	4,61	0,29	0,00]
[(0,00) -5,96	26,83	20,87 (6,76)	4,53	1,42	0,00]
[(0,00) -5,75	23,36	17,61 (2,26)	4,65	0,86	0,00]
[(0,00) -4,62	25,71	21,09 (6,18)	4,64	1,09	0,00]
15:	0.6532306671142591 0.03999099054841654 0.061796407735233316
25.68926618000009 28.930341322632938 21.38685009941819 25.709836080537645 8.842100254554893 5.649162378023868 1.748059042486739 2.6428974650703703
[(0,00) -5,09	25,69	20,60 (8,84)	4,61	0,40	0,00]
[(0,00) -8,11	28,93	20,82 (5,65)	4,46	3,12	0,00]
[(0,00) -4,75	21,39	16,64 (1,75)	4,80	0,43	0,00]
[(0,00) -5,30	25,71	20,41 (5,50)	4,59	0,65	0,00]
16:	0.8252315521240252 0.03965555961065851 0.09133959620720944
25.802454995843842 28.41130501394153 22.05025389157104 25.562112206225848 8.41815171716808 5.763093261430589 2.3169592471969347 3.5258924194516608
[(0,00) -5,09	25,80	20,71 (8,42)	4,60	0,47	0,00]
[(0,00) -7,57	28,41	20,84 (5,76)	4,46	2,89	0,00]
[(0,00) -4,80	22,05	17,25 (2,32)	4,77	0,50	0,00]
[(0,00) -5,19	25,56	20,38 (5,47)	4,60	0,83	0,00]
17:	0.46039009094237354 0.04216392357013835 1.4965719958812507
23.288342116982022 28.56019138989931 20.88693062864571 28.574949127564537 5.939242834937854 3.97048578211327 5.290349601927525 0.5638069745355911
[(0,00) -5,09	23,29	18,20 (5,94)	4,69	1,58	0,00]
[(0,00) -7,68	28,56	20,88 (3,97)	4,46	1,07	0,00]
[(0,00) -3,07	20,89	17,82 (5,29)	4,94	2,55	0,00]
[(0,00) -7,52	28,57	21,05 (6,14)	4,46	0,46	0,00]
18:	0.6380615234374964 0.04028010442502737 0.04916043613329535
25.821281047948787 28.839443414019176 21.4156874845942 25.683769105523456 9.15197296440598 5.1767366276610876 3.023560113979797 2.992378557376585
[(0,00) -5,09	25,82	20,73 (9,15)	4,60	0,48	0,00]
[(0,00) -8,28	28,84	20,56 (5,18)	4,46	3,17	0,00]
[(0,00) -4,53	21,42	16,89 (3,02)	4,82	0,43	0,00]
[(0,00) -6,32	25,68	19,36 (4,45)	4,55	0,64	0,00]
19:	0.8530330657958931 0.039482118287178965 0.17223243296853852
25.929893756363008 27.92284404337732 22.583963343951197 25.181728088533756 8.224356627939642 6.228668659293449 1.9521748592450976 4.54132819743593
[(0,00) -5,09	25,93	20,84 (8,22)	4,60	0,54	0,00]
[(0,00) -7,24	27,92	20,68 (6,23)	4,47	2,66	0,00]
[(0,00) -5,41	22,58	17,17 (1,95)	4,71	0,70	0,00]
[(0,00) -4,85	25,18	20,33 (5,42)	4,64	0,85	0,00]
20:	0.6811828613281273 0.03980801587934408 0.0721725809765843
25.698121454719214 28.762042847432465 21.599627220633383 25.659501513576117 8.599220879499944 5.974604801767011 1.6706460640703675 2.702653049462577
[(0,00) -5,09	25,70	20,61 (8,60)	4,61	0,41	0,00]
[(0,00) -7,85	28,76	20,91 (5,97)	4,46	3,03	0,00]
[(0,00) -4,98	21,60	16,62 (1,67)	4,78	0,44	0,00]
[(0,00) -5,22	25,66	20,44 (5,53)	4,60	0,68	0,00]
21:	0.8494472503662154 0.039626269237537065 0.09450434636550042
25.587383861547014 28.010995337772993 22.373838595998105 25.551595448030984 8.101756154061526 6.03336644418348 2.1103228102511755 3.2961447421931505
[(0,00) -5,09	25,59	20,50 (8,10)	4,61	0,35	0,00]
[(0,00) -7,47	28,01	20,54 (6,03)	4,47	2,45	0,00]
[(0,00) -5,37	22,37	17,00 (2,11)	4,72	0,59	0,00]
[(0,00) -5,18	25,55	20,37 (5,46)	4,61	0,85	0,00]
22:	0.9150466918945375 0.039302743459745645 0.12232641588906645
25.705765965139925 27.642181584510357 22.821660980406108 25.43243122997876 7.400116930965906 6.165657323793459 2.8527397880906857 3.3766853144986273
[(0,00) -5,09	25,71	20,62 (7,40)	4,61	0,41	0,00]
[(0,00) -6,65	27,64	20,99 (6,17)	4,49	2,27	0,00]
[(0,00) -5,03	22,82	17,79 (2,85)	4,72	0,63	0,00]
[(0,00) -5,09	25,43	20,34 (5,43)	4,61	0,92	0,00]
23:	0.5568256378173777 0.04075685286602628 0.05112794594312575
25.654121456900583 29.504794197924838 20.840638714225832 25.823352335822484 9.817587373652932 4.527330341285271 1.5851758267912455 2.313381176846998
[(0,00) -5,09	25,65	20,56 (9,82)	4,61	0,38	0,00]
[(0,00) -9,12	29,50	20,39 (4,53)	4,46	3,37	0,00]
[(0,00) -4,12	20,84	16,72 (1,59)	4,87	0,42	0,00]
[(0,00) -5,11	25,82	20,72 (5,80)	4,60	0,56	0,00]
24:	0.9074268341064461 0.03935746463449818 0.12889598901706378
25.565262397602048 27.848440367498565 22.80745055373966 25.527234852589032 7.406599122212045 6.837297873128811 1.9784275949973846 4.0872690724813205
[(0,00) -5,09	25,57	20,48 (7,41)	4,61	0,33	0,00]
[(0,00) -6,80	27,85	21,05 (6,84)	4,49	2,31	0,00]
[(0,00) -5,66	22,81	17,15 (1,98)	4,68	0,59	0,00]
[(0,00) -4,87	25,53	20,66 (5,75)	4,63	0,91	0,00]
25:	0.570999145507809 0.040756151123273576 0.0548685072785986
25.749301302659923 29.379143249502917 21.028116543221856 25.69203079377935 10.058486139791436 4.405810971583975 1.6593187678456074 2.304598774679632
[(0,00) -5,09	25,75	20,66 (10,06)	4,61	0,44	0,00]
[(0,00) -9,26	29,38	20,12 (4,41)	4,46	3,38	0,00]
[(0,00) -4,26	21,03	16,77 (1,66)	4,85	0,35	0,00]
[(0,00) -5,11	25,69	20,58 (5,67)	4,61	0,57	0,00]
26:	0.6564674377441451 0.039936065412430326 0.07053250183329851
25.7681467213959 28.921239137414812 21.432974610510847 25.593495722961677 8.922226373725342 5.757348205744941 1.5865527360603962 2.7252528465494446
[(0,00) -5,09	25,77	20,68 (8,92)	4,60	0,45	0,00]
[(0,00) -8,11	28,92	20,81 (5,76)	4,46	3,18	0,00]
[(0,00) -4,86	21,43	16,57 (1,59)	4,79	0,41	0,00]
[(0,00) -5,20	25,59	20,39 (5,48)	4,60	0,66	0,00]
27:	0.4991207122802741 0.04117599331538469 0.044067211280005125
25.953400758812318 29.684715711379692 20.482231802109133 25.887033091850245 10.179298130072597 4.285564580564509 2.9240093622932832 3.3613253714849827
[(0,00) -5,09	25,95	20,86 (10,18)	4,60	0,55	0,00]
[(0,00) -9,18	29,68	20,51 (4,29)	4,46	3,68	0,00]
[(0,00) -3,77	20,48	16,71 (2,92)	4,91	0,36	0,00]
[(0,00) -6,49	25,89	19,40 (4,49)	4,53	0,50	0,00]
28:	0.4767894744873037 0.0416901403800282 0.025932147130959038
25.531429967209817 29.743716259789043 20.173089054708317 26.475470274343163 9.746550567935586 3.889448837800229 3.4776465809779022 2.748695165645233
[(0,00) -5,09	25,53	20,44 (9,75)	4,61	0,31	0,00]
[(0,00) -9,17	29,74	20,57 (3,89)	4,46	3,37	0,00]
[(0,00) -3,34	20,17	16,84 (3,48)	4,96	0,86	0,00]
[(0,00) -6,91	26,48	19,57 (4,66)	4,51	0,48	0,00]
29:	0.6439228057861304 0.04004169756827277 0.0431781786258334
25.613027282087693 28.831591049702094 21.38567670493466 25.894012951023395 8.660220110781708 6.252099189600921 1.953401377082433 2.8647648730581134
[(0,00) -5,09	25,61	20,52 (8,66)	4,61	0,36	0,00]
[(0,00) -8,00	28,83	20,83 (6,25)	4,46	3,00	0,00]
[(0,00) -5,34	21,39	16,05 (1,95)	4,77	0,47	0,00]
[(0,00) -6,10	25,89	19,79 (4,88)	4,55	0,64	0,00]
30:	0.48322296142578747 0.04124763554193302 0.12842471111400044
25.496657036122475 29.893093019620466 20.074023892733734 26.359400651267922 9.769163653029118 6.309540501070851 1.1794465793530586 2.3507526510112937
[(0,00) -5,09	25,50	20,41 (9,77)	4,61	0,30	0,00]
[(0,00) -9,23	29,89	20,66 (6,31)	4,46	3,40	0,00]
[(0,00) -5,69	20,07	14,39 (1,18)	4,83	0,95	0,00]
[(0,00) -7,12	26,36	19,23 (4,32)	4,50	0,48	0,00]
31:	0.6924190521240264 0.03971225992187537 0.08501629687093981
25.805541865870655 28.735529126278827 21.60388338239933 25.56061587334596 8.612668171082706 6.10240533673731 1.4079722069234784 2.679016583515003
[(0,00) -5,09	25,81	20,72 (8,61)	4,60	0,47	0,00]
[(0,00) -7,76	28,74	20,98 (6,10)	4,46	3,10	0,00]
[(0,00) -5,03	21,60	16,58 (1,41)	4,78	0,43	0,00]
[(0,00) -5,00	25,56	20,56 (5,65)	4,62	0,69	0,00]
32:	0.4570026397705056 0.04227806155131172 1.4936687602422722
23.566011704344405 28.564145582060775 20.631130841224692 28.61490768129933 6.230358894649576 4.010595480191267 5.299683702064922 0.301477174734164
[(0,00) -5,09	23,57	18,48 (6,23)	4,68	1,38	0,00]
[(0,00) -7,68	28,56	20,89 (4,01)	4,46	1,28	0,00]
[(0,00) -3,10	20,63	17,53 (5,30)	4,95	2,54	0,00]
[(0,00) -7,84	28,61	20,77 (5,86)	4,46	0,46	0,00]
33:	0.682470321655275 0.039795028487025506 0.07180849083210461
25.68771660424637 28.792022202448155 21.482522147400875 25.750057917141625 8.496936014628684 5.874909092500501 1.596724916099854 2.5230603529818882
[(0,00) -5,09	25,69	20,60 (8,50)	4,61	0,40	0,00]
[(0,00) -7,76	28,79	21,03 (5,87)	4,46	3,04	0,00]
[(0,00) -4,76	21,48	16,73 (1,60)	4,80	0,46	0,00]
[(0,00) -5,04	25,75	20,71 (5,79)	4,61	0,68	0,00]
34:	1.066061019897465 0.03925845748573449 0.1729746350953718
25.669449374889712 26.95808630307046 23.767846084992968 25.03128170979129 6.889373861232442 6.877590186603953 2.8015754918249947 3.9110405610962564
[(0,00) -5,09	25,67	20,58 (6,89)	4,61	0,39	0,00]
[(0,00) -6,17	26,96	20,78 (6,88)	4,52	1,70	0,00]
[(0,00) -5,95	23,77	17,82 (2,80)	4,63	0,79	0,00]
[(0,00) -4,94	25,03	20,09 (5,18)	4,64	1,07	0,00]
35:	0.5876579284667959 0.04063221158520922 0.0568053163437412
25.626941655108116 29.357129141065943 21.123588909578817 25.701798110129975 9.895337794736731 4.814714544717357 1.0526465094618387 2.301529787560687
[(0,00) -5,09	25,63	20,54 (9,90)	4,61	0,37	0,00]
[(0,00) -9,22	29,36	20,13 (4,81)	4,46	3,27	0,00]
[(0,00) -4,65	21,12	16,47 (1,05)	4,82	0,35	0,00]
[(0,00) -4,80	25,70	20,90 (5,99)	4,62	0,59	0,00]
36:	0.902469635009765 0.03947763007185864 0.1858828988309753
25.823039368574232 27.683735865171723 22.910812462039942 25.157759383997668 7.956427035269564 6.4392724138519135 2.1583762939482622 4.242518596046346
[(0,00) -5,09	25,82	20,73 (7,96)	4,60	0,48	0,00]
[(0,00) -7,08	27,68	20,60 (6,44)	4,48	2,39	0,00]
[(0,00) -5,70	22,91	17,21 (2,16)	4,68	0,72	0,00]
[(0,00) -4,98	25,16	20,17 (5,26)	4,63	0,90	0,00]
37:	0.4478187561035127 0.04233867989867584 1.5600684412910901
23.17749256946498 28.606580713683517 20.797674435282744 28.71634084841131 5.8673234262872045 3.835079104689823 5.384408512373449 0.4148871269586283
[(0,00) -5,09	23,18	18,09 (5,87)	4,70	1,66	0,00]
[(0,00) -7,72	28,61	20,88 (3,84)	4,46	1,01	0,00]
[(0,00) -2,94	20,80	17,86 (5,38)	4,95	2,67	0,00]
[(0,00) -7,57	28,72	21,14 (6,23)	4,46	0,45	0,00]
38:	0.5542430877685555 0.041049009705004205 0.04788666808734021
25.561963648199693 29.56980216315861 20.967318397735475 25.753242737825012 10.35402329074784 4.331591706592457 0.9620439105269616 2.1995410816672827
[(0,00) -5,09	25,56	20,47 (10,35)	4,61	0,33	0,00]
[(0,00) -9,75	29,57	19,82 (4,33)	4,47	3,31	0,00]
[(0,00) -4,51	20,97	16,45 (0,96)	4,84	0,40	0,00]
[(0,00) -4,74	25,75	21,01 (6,10)	4,63	0,55	0,00]
39:	0.7231426239013666 0.03969974411786331 0.0844024422636025
25.740584517756353 28.57939584343357 21.760496128891575 25.584952270612106 8.495920844046559 6.086937361812035 1.6059897784154962 2.8206821248725165
[(0,00) -5,09	25,74	20,65 (8,50)	4,61	0,43	0,00]
[(0,00) -7,71	28,58	20,87 (6,09)	4,46	2,95	0,00]
[(0,00) -5,11	21,76	16,65 (1,61)	4,76	0,47	0,00]
[(0,00) -5,11	25,58	20,48 (5,57)	4,61	0,72	0,00]
40:	0.47141075134276783 0.04193386562486756 0.0301685894942203
25.577870580745575 29.93320327275091 20.0 26.54804122836477 10.004966412142995 3.647624298445215 3.4597421211294934 2.8194574864098563
[(0,00) -5,09	25,58	20,49 (10,00)	4,61	0,34	0,00]
[(0,00) -9,38	29,93	20,55 (3,65)	4,47	3,48	0,00]
[(0,00) -3,14	20,00	16,86 (3,46)	4,98	0,87	0,00]
[(0,00) -6,88	26,55	19,67 (4,76)	4,51	0,47	0,00]
41:	0.5057468414306677 0.04111363141240111 0.04740515150279023
25.774864919770923 29.843845342064657 20.671744774514796 25.60476206007458 10.478979703877764 4.350824287791035 1.6377398814166362 2.6591412461583315
[(0,00) -5,09	25,77	20,69 (10,48)	4,60	0,45	0,00]
[(0,00) -9,66	29,84	20,19 (4,35)	4,47	3,59	0,00]
[(0,00) -4,19	20,67	16,48 (1,64)	4,88	0,34	0,00]
[(0,00) -5,43	25,60	20,18 (5,27)	4,59	0,51	0,00]