25000	50000	75000	100000	125000	150000	175000	200000	225000	250000	275000	300000	325000	350000	375000	400000	425000	450000	475000	500000
 	 	1.5749752964210313	 	 	 	 	 	 	 	 	 	 	 	 	 	 	 	 	 	 	 	 	2.127068207556875	 	 	 	 	 	 	 	 	21.057837157257907	3.90160658332282	 	 	 	 	 	2.448694111677238	 	 	 	 	 	 	 	2.896299226147679
 	1.772201120216693	1.0619275563607415	 	 	 	 	 	 	 	 	 	 	 	 	 	 	 	 	 	 	 	 	1.065810525512645	 	6.345065897052646	 	 	 	 	 	 	1.1256332309696147	3.90160658332282	 	 	2.3919808401824163	 	 	1.0817898473917327	 	 	 	 	 	 	 	1.1091658260636883
 	1.0609348077612206	1.0572936054240893	 	 	 	 	 	 	 	16.179995673521617	 	 	 	 	 	 	 	 	 	 	 	 	1.061402391043762	 	1.0786594071500661	 	 	 	 	 	 	1.0564738091245771	1.3673979667212675	 	 	1.0789958336678915	 	 	1.066275752696648	 	2.7109853783172424	 	 	 	 	 	1.0875930547330352
 	1.056589063129685	1.0561466724292958	 	 	 	3.4127979999344626	 	 	 	16.179995673521617	 	 	 	 	 	 	 	 	 	 	 	 	1.0613854615839362	 	1.0592824811267094	 	 	1.1352591683406414	 	 	 	1.0562749280036143	1.0627707838362237	4.593601333591495	 	1.0571072309247505	4.192551487748158	 	1.066195361739957	 	1.0682688009548362	 	 	13.557588590373316	 	 	1.0873511770153972
 	1.0565872484262353	1.0561216629715384	 	 	 	3.4127979999344626	 	3.932121188546999	12.994791684339372	16.179995673521617	 	 	2.3907616231757367	 	 	 	 	3.3480715700065034	 	 	 	2.436778327360578	1.061390189817686	 	1.0590287394850986	 	 	1.0565230876462421	 	 	 	1.0562375923897822	1.061252748393099	1.177957687752735	 	1.0563300251453154	1.3791769189594192	 	1.066196103099053	 	1.0577334837965198	 	 	1.078887833686652	 	 	1.0873870079236354
 	1.0565731039490107	1.0561023502260056	 	2.5931279955581745	 	1.0665261473963015	 	1.4461550357655184	1.0689962940928441	3.72553853682157	 	 	1.1008099491709806	 	22.663759302281854	 	 	1.0600659809306798	 	 	 	1.0591266455251391	1.0614207268781752	3.618473220903342	1.058882836720557	 	 	1.0560374195129232	 	 	10.387370353157914	1.0562369937725	1.0612303706001158	1.0566689298979361	 	1.056300882758199	1.0591132036167858	 	1.0661605283593192	 	1.0563323891448186	 	1.513448710791038	1.0567010487338346	 	 	1.086922427928237
 	1.0565777888701493	1.0561023502260056	9.14375219881648	1.093459766002276	1.113333686270342	1.057735218391103	 	1.060296491700593	1.058096373498898	1.0615392086464708	 	 	1.0573075365532858	 	1.0662467580105606	 	 	1.0569450365359725	 	 	 	1.056435235584453	1.0614208322293306	1.0751614490103636	1.0588250698361334	 	 	1.0559952307036178	 	2.704141480213178	2.1943434972608373	1.0562404368499372	1.061232576991101	1.0564424004738362	 	1.0562795285137248	1.0565737786878395	 	1.066157658377913	1.8733975490706087	1.0559913657935047	 	1.0694672375111196	1.0562632782378447	 	 	1.0868878521213217
 	1.0565538948454292	1.0560873264628856	1.0762805049827346	1.0706190713758603	1.060228515966633	1.0575777256755992	 	1.0566981599059995	1.056769104927636	1.0580803790221813	 	 	1.0564100953814566	 	1.0564723379073564	 	 	1.0562952797970957	 	 	 	1.0560186843046309	1.0614144695042975	1.0565494452856203	1.0587522335187305	 	 	1.0559557844184362	 	1.0634436701000045	1.0885605222510515	1.0561648903192213	1.061257128961104	1.0561727564821406	 	1.0562984483671918	1.0562344609740886	 	1.0661940750764631	1.0633923129939553	1.0559558745512088	3.0686979904521667	1.0659166485619485	1.056193857894946	 	 	1.0868956713220774
 	1.0565058337441051	1.0560795001860395	1.0593592507672502	1.0700003669377485	1.0566123076764742	1.057465297908268	 	1.056623640811403	1.056658720157976	1.0574369147684224	 	24.008316127457917	1.0561758902633207	 	1.05623468929488	 	 	1.0560777700560249	 	 	3.301086847932183	1.0560268503869576	1.0613512757288694	1.0564891993511192	1.0587389627414503	 	 	1.0559938886860007	 	1.0565139868016389	1.0616451380652279	1.0561722483387515	1.061256156038934	1.0560953005859421	 	1.0561982488247248	1.0562019768600488	 	1.066193540209064	1.0562317952595268	1.0559962463259032	3.0686979904521667	1.0657835270053093	1.0560303850944057	 	 	1.086888483835721
26.43553598890769	1.0564295522407987	1.056135593338257	1.0590041660051543	1.069974661563367	1.0564150385669222	1.0574332601104395	 	1.0565991987812706	1.0565685710606045	1.0574401495816408	 	1.0905451654942442	1.0561144473948283	 	1.0561781571484519	 	 	1.0560417923767609	 	 	3.301086847932183	1.0559987002211737	1.061319939359948	1.056345752764454	1.0587603913103285	 	6.432532856153513	1.0559208609580297	 	1.0562467382859366	1.0615230183553022	1.0561174941321698	1.0612774260492985	1.0560603422749049	 	1.0561858466344276	1.0562009922626547	 	1.0662149249307733	1.0562111582368139	1.0559810919946717	1.0784599764210299	1.0657412132941364	1.055918195185555	 	 	1.0869122083718428
26.43553598890769	1.0564329694970378	1.0560919978890837	1.0589501963659818	1.0700548476339593	1.0559839271004698	1.0574250601589832	 	1.056595074684379	1.0563372538702478	1.0574399714460307	2.4959932934047875	1.0582345529161257	1.0561139220920854	1.8382387789952401	1.0561885206283081	 	 	1.056088770883192	 	 	3.301086847932183	1.056010203946285	1.0613438338486314	1.0563417141114986	1.0587852306200982	 	1.9126219273561444	1.055923628711004	 	1.0561187933815543	1.0614690493383752	1.0560899849796888	1.0612305252092649	1.0561090628960172	 	1.056193586694369	1.0562472754342882	 	1.0662147177154282	1.0562231013124999	1.0559966911004304	1.05869315010121	1.0658351820753997	1.0559580883398885	 	 	1.0869198920123755	7.5447616092823715
1.219803402204527	1.0563768127609192	1.0560741333970292	1.0589954495034386	1.070039591019669	1.0559435378933397	1.0573689028287583	 	1.056581138518274	1.0562016483688936	1.0574331447459313	1.137434739680901	1.058163338182184	1.056044725672924	1.0984065543268966	1.0561110772613787	 	 	1.0560359236531858	 	 	1.154661966722918	1.0559999221268963	1.061319910624367	1.0562590607125033	1.058737065287716	3.5390541951038434	1.0902368081363154	1.0559113144003465	 	1.056125693469494	1.0614246390515174	1.0560837530084937	1.0612305252092649	1.0560495662072515	 	1.0559764353270518	1.0561132725058064	 	1.0662132325866218	1.05619468033713	1.0560095734670347	1.056971967998007	1.0657538629833376	1.0559441377569903	 	 	1.0869423225424275	1.426079067541462
1.0673496354433842	1.0564090559346657	1.0560959110678823	1.0589550766608424	1.0699666732230568	1.0556988526126783	1.0573970321425674	 	1.0565781916205543	1.05581452841577	1.057412339217419	1.0666769373542482	1.0580650699745138	1.0560422954489028	1.058940062536393	1.056090927982064	 	 	1.055983470183177	3.579279851452072	 	1.057625177484836	1.0559433630295065	1.061319910624367	1.0562572965054642	1.058766785095367	1.128572409916197	1.0575760701544397	1.0559237119668945	 	1.0561617704217177	1.0614606185418913	1.0560613849540212	1.061249382984244	1.056044815278592	 	1.0559767318096316	1.0560285854663007	 	1.06615880292456	1.0561067991730024	1.055985052348075	1.056626635979097	1.0657745201770505	1.0560278598896724	 	 	1.0869378815434487	1.0579378835982267
1.0562204815096454	1.0564217205760231	1.0561158734355462	1.0589993868083942	1.070047676260912	1.0556458524807053	1.0573403003234727	 	1.0564233521903088	1.0557632783272553	1.0574336306692076	1.066176300639403	1.0580547426589189	1.0557934992788545	1.057031962091734	1.0561146815979503	 	 	1.055996317183247	2.7566314338452673	 	1.0574739124882218	1.0560085505494574	1.061307109382002	1.0560996736463688	1.0587367765607962	1.0576715705601238	1.0570262191231754	1.055976166363324	 	1.0560608791649286	1.0614738381112607	1.055982697550591	1.0612426762285667	1.056068997107894	 	1.0559238005660754	1.05573732423521	 	1.0662139463006028	1.0560896654448488	1.0560133589507308	1.0562278055719032	1.0657595492848941	1.0559595787898501	 	 	1.0868951551745978	1.056278879638255	1.2911726205335903
1.056201217014685	1.0564157956229518	1.0561208732364449	1.0590299513319827	1.070065668758255	1.0556571565896682	1.0573294316062956	 	1.0564056861975841	1.0557463992399974	1.0574467138314425	1.0661726229905923	1.058059234384873	1.0558080611557554	1.0558569780749825	1.0560828978213237	 	 	1.0559912333275776	1.0666417965364532	 	1.0574793567361114	1.0559760675500645	1.0613071110209482	1.0559454617930475	1.0588236543571026	1.0574770001088545	1.056610478959224	1.0559226121742293	 	1.0560857856427788	1.061437390427257	1.0559250864432144	1.0612320290370998	1.0561015125451474	 	1.055925981119834	1.0556889969985892	 	1.0661928979809805	1.056023507351818	1.0559884711217964	1.0561069443032185	1.0657860663625371	1.0558882699651442	 	 	1.086898918064774	1.0561172128959848	1.0570156093732341
1.0561039716745262	1.0564188513150512	1.0560974285197455	1.0590121517394313	1.0700187361872147	1.0556341528920894	1.0573592115134125	 	1.0563671106689685	1.0557287226832894	1.057398202257278	1.0661388725947787	1.0581285139201364	1.0557939876494007	1.0555599290016446	1.0560943876246627	 	 	1.055972807690137	1.0664123143174977	 	1.0574325553698403	1.0559593256131568	1.0613411791370109	1.0559369435298336	1.0587989072948185	1.0574059030011278	1.056546240891925	1.0558573292711377	 	1.0560588623236162	1.061436711412675	1.0558998091912444	1.0612338012801128	1.0560677921794244	 	1.0559289631615583	1.0557053142424329	 	1.0661614386735365	1.0559876368700154	1.0559780878148033	1.0561826436616348	1.0658782210862425	1.055921030848383	 	 	1.0869028013891706	1.0561447230647654	1.0566263368469255
1.0562039833033114	1.0564020686557043	1.056128090884738	1.0590187885910072	1.0700947957552447	1.055658857272277	1.0573627986208243	 	1.056414493033088	1.055703292882846	1.057392171062107	1.0662395935035522	1.0580668484707518	1.0557565721742757	1.0555387660486482	1.0560488962534995	 	 	1.0559374785052815	1.0661792573960314	 	1.0574325553698403	1.0559719129531904	1.0613365044161385	1.0559628465400304	1.0587458268012186	1.0569705061092085	1.0564478319690642	1.0558696655955577	 	1.0561370118133975	1.0614348893308536	1.0559384438996622	1.0612127692681423	1.055995415073918	 	1.055927033100402	1.0556838821974213	 	1.0661616894053443	1.0560252598215347	1.0559683645428843	1.0560875505575034	1.0657647807463984	1.0559311653112922	 	 	1.086866524274325	1.0561961560489284	1.0566134871935935
1.0560915944370197	1.0564171947403003	1.0561193676919636	1.0589628633194705	1.0702126407093122	1.0556556884827661	1.0573472509535664	 	1.0564051667560397	1.0556422396065699	1.0573460849743657	1.06616483596569	1.058079829463784	1.055708912691956	1.055480992575699	1.0560166896763357	 	 	1.055897248986274	1.0661628799615603	 	1.057434305824997	1.0559909149799194	1.06134019116767	1.0559298166266928	1.0587436265112462	1.0568534721871397	1.056398462147239	1.055884590518013	 	1.056033868363044	1.061408752249331	1.0559636615555295	1.0612338012801128	1.056054635144012	 	1.0559447957332098	1.055586615285349	 	1.0661807373474916	1.0559863342103388	1.0559288957901518	1.056026171677695	1.0658104424740578	1.0559500262335089	 	 	1.0868735123743716	1.0561032950133635	1.0566415737437191
1.056088620765528	1.0564215217754802	1.0560551555017652	1.0589948108191063	1.0699292516771257	1.0556479507072216	1.057402021844642	 	1.0563797607462826	1.0555780966839887	1.0573624249982114	1.0661616863091312	1.0580430088938797	1.0556615873925177	1.0554766198639367	1.0560859585411715	 	 	1.055920549256069	1.0661617608912417	 	1.0574116097562787	1.0559596845737564	1.0613063682836783	1.0557259440993305	1.0587553310499014	1.0568040843938737	1.056403577734509	1.0559059161212123	 	1.056086045486469	1.0614158562017773	1.0559070534282824	1.0612390242321794	1.056012601199175	2.1847104427568764	1.0559850597021818	1.0556047480163515	 	1.0661998119087792	1.055959513605762	1.0559461934851972	1.0560674942838397	1.0657745201770505	1.0559471773591658	 	1.5793685760489848	1.0868676251317906	1.056139731543458	1.0564759720658918
1.0561111753737091	1.056406511715627	1.0561340932753933	1.0590182706651765	1.0699727600497693	1.0556408728233408	1.0573028792513635	 	1.0563820200674037	1.0555730586690886	1.057359396928889	1.0661411971531822	1.0580464669973662	1.0557201455607128	1.055449210611296	1.0560573401545292	 	 	1.056000450431256	1.0661639158932465	 	1.0574278509078736	1.0559957375363516	1.0613016747470139	1.0556553472991308	1.0587472301695897	1.0566682488582002	1.0564180328835755	1.0558944920068358	 	1.0560136843044814	1.0614348893308536	1.0559072491981376	1.061215303757526	1.0560053364890924	2.1847104427568764	1.0559135116608973	1.055591889939126	6.37204592546968	1.0661581210357665	1.0559878807932437	1.0559461934851972	1.0561014975608023	1.0657429079669447	1.0559460203032778	 	1.0692387940907724	1.0869301433879808	1.0561812476440011	1.0564555065697898
***	EDFA 1	****
25000	50000	75000	100000	125000	150000	175000	200000	225000	250000	275000	300000	325000	350000	375000	400000	425000	450000	475000	500000
0.6610988869077395	0.6572171768282735	 	1.163975560620841	0.5107334215029153	0.5898870430977589	1.1454050004405896	0.6254422555959562	0.5171642155795784	0.8708517973434481	0.7717648176148963	0.614356455850357	0.519677519499823	0.622932227386194	0.5411781616205762	0.7065059401363477	1.0426663570564476	0.41548869412682454	0.4960830210763297	0.5945677412224317	0.3000450055684662	 	0.7534149069327759	0.4155798202297167	0.3130215529396613	0.5153762881500357	 	 	0.7312957345759095	0.8582977525012662	 	0.6417208272516535	0.6290174896905014	0.6935466342856575	 	 	0.33354523928376006	0.8949407574116252	0.8605315404723851	 	0.5859182368184582	0.607680740932159	0.45342876401638205	1.0802339197542465	0.9281296753202837	1.0054857417871572	0.7697043129581701	0.6659221282634459	1.0116065598807882	1.0382879319117078
0.4080488652522351	0.22170463269849605	 	0.36575230608264103	0.24203361313243982	0.4061695639256901	0.9152641093049717	0.20949058667579723	0.27930797244699723	0.38866001605401834	0.26614024064400316	0.3298621848835844	0.22892080199366815	0.2823542529070742	0.27362126438519185	0.30316775706825605	1.0426663570564476	0.23295827771006336	0.2889124331507463	0.22346250610221413	0.22211996321610897	1.2916453855818983	0.6125459092790806	0.20258908303913287	0.1908084337021846	0.300451476306137	0.7249222683336358	1.270030814575359	0.42084934338501556	0.28481078736489035	0.6576917893248649	0.5055120781181214	0.5466468097596724	0.30308276791892036	1.4676858901906422	0.3430783399357313	0.23245048665379184	0.3153261690646011	0.6394862636585061	0.9855003178431001	0.24718159260559744	0.29562091106225596	0.23107739748517545	0.6752316005989872	0.5397620311020411	0.4625830049248741	0.2476116719265825	0.5847043278592532	0.3164114482026086	0.5045886665964466
0.24555348267213467	0.1726434337841398	0.7186111103261374	0.18605928886556894	0.1966684074429777	0.26169247353379105	0.25791238354572243	0.16240476956609803	0.1835439620612597	0.24350693199898668	0.20259158901659316	0.21995057445497382	0.19213169352540901	0.16700982491932154	0.22369609980519697	0.2141138726493791	0.5121421844206436	0.21049576716142615	0.19591732094004619	0.17360985320766978	0.17239442271093114	0.29072136186192177	0.32709030355801894	0.16441482836043575	0.1608612929809809	0.233634898708644	0.5896606211119504	0.9231009393023629	0.23108115230247783	0.14139336652309248	0.30654847219477405	0.24472894803006717	0.19163427961748924	0.20411275343223903	0.36059390999685914	0.18814953348231728	0.20507939096426459	0.18572809064729762	0.5223326075024178	0.278861598072095	0.18944923371322828	0.15412718998860744	0.19550750278426135	0.27523843690368066	0.2543383548130572	0.23587561197893198	0.17848471727407128	0.2644076945711706	0.2340522164231106	0.25827111334010894
0.19760941602830373	0.16683827518540797	0.32777161264593824	0.15877934007955374	0.1785120408747938	0.22262702246571253	0.1691246585204047	0.14883422731162418	0.1672908568967742	0.1934932142027246	0.163640021386502	0.20207094127206704	0.1780066480892256	0.15486732795115307	0.19923955947208802	0.16975377996641006	0.2583313440541645	0.20323372163946507	0.1610067357186926	0.1585392437199242	0.1556488486491663	0.19831829547340854	0.17661394878358969	0.14960498837976108	0.148871546993305	0.19310710273895118	0.24169521802559324	0.26848257724226704	0.17801579081650504	0.1367199318332219	0.1851112859171775	0.17501330624173764	0.15718702827700826	0.18005882594491437	0.2596779506544015	0.1591169324776198	0.18407396435338477	0.15736955305893016	0.22718262100037234	0.22073219186482532	0.1720164831992415	0.1376879072681459	0.17858573463399366	0.17452137905480572	0.17590510515949329	0.17769021681520597	0.16108759668390696	0.18748743027308098	0.21158342402140226	0.17565200316804622
0.17598535197390477	0.16506206410867802	0.2501196712566634	0.14781335068312207	0.1692951110969901	0.18603150649078065	0.14474622835085876	0.14186538645499194	0.1563547604424768	0.1596672612132797	0.14872839511699104	0.18149612751047503	0.17087025168189282	0.1439372425141669	0.19278727136306445	0.15466433454976367	0.17731742718524202	0.20537954697715674	0.149527887546453	0.1468242585720271	0.14774625414292036	0.17720227947798867	0.15490804786667542	0.14217886486993062	0.14198186545554572	0.17948696470649186	0.2016909405928779	0.20149504533135662	0.15907618160548667	0.13317812014365776	0.16406583309394807	0.1536472313954808	0.14827813721047275	0.16765802894228385	0.21572141597258387	0.1478978064611241	0.17051074408382785	0.14885403882491444	0.18079000484412405	0.17530323118031788	0.16209262581498088	0.1296360480791925	0.16583882432719904	0.14762777654128478	0.15321118034152625	0.15673346886728232	0.14769422362839024	0.15887560269712483	0.20364080692240075	0.15333605322769484
0.16245102195230648	0.16262314643517764	0.22756256402774513	0.143388154169139	0.15791606985828963	0.15896282016860735	0.1365514649254413	0.13691757315519865	0.14746016849663807	0.148081931235891	0.13710481867709587	0.17072570646045326	0.1672391523650413	0.13842553433348043	0.18037089450627203	0.14539115149867993	0.16339312694448785	0.20150071225186753	0.14072435830781124	0.14318819441321526	0.14078388365263425	0.1515826917395109	0.14802465451370225	0.13938885396685904	0.13795925293687653	0.16353621359266635	0.18922395440338233	0.16405390412090481	0.15009017200775246	0.12971423467233262	0.15314329953799447	0.1447768475114224	0.13613752700190435	0.15540572060657545	0.19886327980957239	0.13989512142331084	0.15901317812125565	0.14187908005530853	0.1615908928223326	0.1588722297560696	0.1541013083386418	0.12674476681187533	0.15968487440299736	0.14198408615882122	0.1438315615202767	0.14714405120605836	0.14182602359181254	0.14814330398700998	0.19891555734088467	0.14265749782892426
0.16021823304058583	0.16118966066938126	0.18289137298983876	0.1392867364626865	0.14065442708431325	0.14820249499156213	0.1346334323278468	0.13225469266821066	0.14066983670336503	0.14386892945954882	0.13201691879785618	0.16553608063142872	0.16300903837279995	0.13664921703179322	0.17431364662264967	0.14275897930340162	0.14801624261056295	0.19918266415269006	0.13877249169251327	0.1418735430748262	0.13775985751815806	0.14344979476316974	0.15024180900675949	0.13648213446479493	0.13634259648831198	0.1451241924216001	0.17678826813693452	0.1557774125266374	0.1442490748656811	0.12609091014436655	0.1476186854569938	0.1374588584474463	0.13099633205266545	0.147209750601484	0.17110201844492823	0.13505150614514744	0.15355426237581235	0.13784828607021873	0.14602094768786508	0.13854980667458672	0.14321335145170677	0.12594941558073616	0.15077202804479764	0.13775490584223896	0.13668314331116643	0.14158010268404608	0.13901132911583017	0.14033217186112693	0.19200047911133206	0.13737498328973938
0.15680511522591012	0.15845327099020942	0.16485661275236854	0.13747492375038547	0.13478362505905914	0.14093178259238767	0.13146872225552508	0.13051779992707166	0.13766710688143186	0.14083132687190072	0.12959932841122446	0.16162086578294158	0.15585732491920973	0.13577958369356835	0.16486267308499983	0.14102798961137852	0.14453095045410286	0.19788254559619164	0.13695711176432945	0.14094343940659157	0.13623317830208895	0.13919649845409335	0.1461479652935106	0.13369524542837735	0.13601289086290036	0.14100510625614154	0.17236384198803856	0.14983485137895428	0.1426239285832198	0.12352075880652928	0.14412473180837895	0.13239529195751423	0.12852439269247534	0.14207722436374437	0.14621746188682097	0.13256910574007466	0.14847676432783868	0.133245591085276	0.13670574984876965	0.130640214048361	0.13985569056140085	0.12556343152663332	0.14757773366207627	0.1357178314281021	0.13547951139485953	0.1393728082283422	0.13537637435261599	0.1364405442372982	0.19043691843809396	0.13561915729719157
0.153346999333351	0.1577204780706442	0.1505858629357866	0.1366782369165385	0.1302634347071717	0.13721610016973879	0.1299021972043607	0.12911226251683094	0.13618441830413847	0.13920472434942366	0.12762953539987487	0.14531753294921854	0.15029369858412064	0.13529855510570912	0.15798072913125277	0.13879021188918286	0.1421547047282359	0.19669033539838782	0.1344787107489092	0.13976517195585036	0.13217552769471194	0.13617826190754662	0.1432779120290656	0.13230139244926276	0.13504763224529548	0.13896550426536688	0.16159419073952136	0.1417729961332748	0.14215529419013265	0.12296850472466098	0.1405820938926424	0.12847768580172092	0.12657460598235773	0.13798408691659356	0.13556724207239673	0.1319974804602554	0.14532236956707908	0.130340830097837	0.13035599056578281	0.12628281053285867	0.13867303537226902	0.12547132389604973	0.14279327749335788	0.13491126686874447	0.1343150363391125	0.13844609281531003	0.13344801017446936	0.13487332405068125	0.1856403448980651	0.13379623810493022
0.1489580114380499	0.15714678503701365	0.14187426061303351	0.13457821387578406	0.1276742881770487	0.13603889981545314	0.12940221591719264	0.12816129800389106	0.1340237575866202	0.13668418445777264	0.12678722286611166	0.14093322449116594	0.13929704795226058	0.13489855638464718	0.14301026527777905	0.13739868639699285	0.14058547124601986	0.19614053275334206	0.1339544150980562	0.1394191884448999	0.12900051905476548	0.13552873055892137	0.1420533989302227	0.13177417730695257	0.13471466737336393	0.13619927342451588	0.15196658457277698	0.13783126490719236	0.13984238787224657	0.12240100836009395	0.13609662257588886	0.12768224377239076	0.1277087810460703	0.1352859598120551	0.13187910808802206	0.13179105363110688	0.14253853640865488	0.12758012296678922	0.12546332960449502	0.1242666797525243	0.1375443363409664	0.12546051676290168	0.14132382981549196	0.13372175577571954	0.13408712969662662	0.13665871599384627	0.1318018020306975	0.1342886812957745	0.18071441550124767	0.13313489664773145
0.14296012315307716	0.15535261907253117	0.13699291134516334	0.1333587651556964	0.1266733802703593	0.13469788910062985	0.12929332874519364	0.12779476747020563	0.13178634421393493	0.1350368734934015	0.12636792693367346	0.13859188935165898	0.13637748296777955	0.13441916487769215	0.13687446872315978	0.1355764193966131	0.1373612770073155	0.19397177931275908	0.13453244903358186	0.13861075599227995	0.1258916945735854	0.13460367988629537	0.14084972779431973	0.13116233828898	0.1342384055010877	0.135171310219397	0.14390460723397788	0.13591884191551068	0.1393373307597477	0.12207853650078877	0.13255987910687136	0.12667960626561048	0.12742671610569992	0.13393381330625678	0.12957540289125233	0.13183327947275345	0.1408482598567356	0.12566045871444106	0.123408075837538	0.12345595013349386	0.13705570484943505	0.12525202898409038	0.140063990095078	0.1330018844014236	0.13400995489545045	0.13591078682171748	0.13008645766063848	0.13412449071630683	0.17204633213221737	0.1327495606910914
0.13958798558751748	0.14977946248456755	0.1345679554661171	0.13246836974225282	0.12538786032950655	0.13307674690750587	0.1288335635786364	0.12760602962525922	0.13050356906497215	0.13369543002880285	0.12602519312694951	0.13641776285680965	0.13541271155998394	0.13420948560134724	0.1341899215169896	0.13416859586439384	0.13639951958901855	0.1917310075001477	0.13310068626034505	0.14008585100365317	0.12691059842419658	0.13419155436183214	0.140304341458421	0.13104553617304743	0.13332317559186885	0.1294533973158579	0.13933154873071202	0.13481177532302943	0.13863943462133604	0.12215207494098773	0.12865771930314682	0.12564993537586622	0.12712415643605549	0.13285919755011066	0.12876074305601684	0.13182377896446662	0.13982133665732177	0.12475979996617426	0.12284022145935106	0.12314931685014568	0.13667759682362615	0.1251683821782504	0.1387093203109064	0.13299433173815903	0.1338433670655717	0.134972511456191	0.1291601960396245	0.13388868659378403	0.16417509826264862	0.1326126708084096
0.13891493759125972	0.1427736585951319	0.12836499282448116	0.13220942470690283	0.1246684571527846	0.12950834351885926	0.12879862993284238	0.12724717708080946	0.1307201134613877	0.13310941310995542	0.1260548372745357	0.1317715862566701	0.1347198564419097	0.13396734273433228	0.1332452700175261	0.1329192129038796	0.13582105352139964	0.1831293283115232	0.13215934493946602	0.14000824451878954	0.12596560079925878	0.13258648194480735	0.1379607950652405	0.1309960766987547	0.13287040408370385	0.12847014764271583	0.13746498825261952	0.1346582702970687	0.1382915246936398	0.12215800871122812	0.12801627605964905	0.12533636211974547	0.12700409787097897	0.13204053260953796	0.12785254970851503	0.13183032725004312	0.13861000123353895	0.12458564451322185	0.12195946425855721	0.12309388850763407	0.13652030244144625	0.12508722504829892	0.13666685876859458	0.13265599693926738	0.13374645184144437	0.13384986269478566	0.12888251372279427	0.13386907837982612	0.1598160902909699	0.13257261317049374
0.13761161788928203	0.14009530936631864	0.12748354362898515	0.1321258192522113	0.12384227929261726	0.12785835795706238	0.12879749625286757	0.12696846026868785	0.12918293286686253	0.13249127577766193	0.1258337388520417	0.13157183930192873	0.13453539240291545	0.13364484106316707	0.13298257722196435	0.13252241664310865	0.13556157763987187	0.1855639486715145	0.1317759758321023	0.13985249500374833	0.12576634551962346	0.1314768224345112	0.13671429790320513	0.13106284896737144	0.13231799601170985	0.1270282371206668	0.1361922858233551	0.1343770521152976	0.13535132519839022	0.12209046877024135	0.12633124215358296	0.1252043549662866	0.12688978689789093	0.13131358947708235	0.13715904262784995	0.13175538242895832	0.13765375270821126	0.12443926548213063	0.12168211640017294	0.12263355069709694	0.13625685024038175	0.12499287057514662	0.13592911016208262	0.13256955724932493	0.13369381807969796	0.13360871592496096	0.12835993575323537	0.13346736041327428	0.15931336552704736	0.1324009313754208
0.13669793448239786	0.13986415368886854	0.12638944879172484	0.13207476693198697	0.12355749918503775	0.12715003094559843	0.12879870162094853	0.12677219488822733	0.12815344012922428	0.13216993895999277	0.12772479129893302	0.13131143715841215	0.13392431934487165	0.13342583070232564	0.1327179319455771	0.13215492497550335	0.1355832388430004	0.17951251215912722	0.13150203185848433	0.1382949021710975	0.12575578352193612	0.1309542102714212	0.13581798485772578	0.13095070435742837	0.1323742663228207	0.125737828181076	0.13575536144617298	0.13434307359570974	0.13471144813985042	0.12211504030192759	0.12585281116839422	0.12514836514835442	0.12688000083332374	0.13097425378518518	0.13683369571012358	0.1316300100642383	0.13401766529012946	0.12413771256820029	0.12166263717986288	0.1225879358761002	0.1363356364215316	0.1249689053622791	0.13511855951152962	0.1325379852678273	0.1335038583924187	0.13335642244756168	0.12792945357360616	0.1334660979555349	0.15795720953178852	0.1324670704256398
0.13416343164420125	0.13963869637573492	0.12425042627407316	0.13198378481507383	0.12347051281587451	0.12689217264598243	0.12873377570750139	0.12679321853746045	0.1274933907514699	0.13169870754207014	0.12774189599588523	0.13104738028040588	0.13393959491903085	0.1332409143112785	0.1323568805311419	0.13193917171060016	0.13542399265017782	0.17518012436361882	0.131395632326528	0.13793351129482986	0.12561172397781617	0.12920189645804703	0.1351121791853032	0.13067182621224144	0.1319408018635191	0.12540813542872487	0.13543845366209312	0.1341499395060918	0.13304135874109974	0.1220452157372765	0.12515671220715566	0.12487252495205077	0.12681036094968587	0.1310390393162432	0.13673239801841708	0.1317307321032667	0.12872431699288214	0.12406137304819709	0.12191596515551661	0.12217632905110412	0.13600919476265383	0.12485697017542435	0.13483040824414846	0.13243289678676445	0.13346697630727422	0.13285936922763963	0.12733833686961177	0.13309569082653128	0.15519558528208224	0.13242825015192805
0.132481633322319	0.13955960381517962	0.12324934543947107	0.13183887751288445	0.12318824458438536	0.12661685334558656	0.1287231175677324	0.1267207573642585	0.12732602470755222	0.13163276155171322	0.12771267299470662	0.13121756109023336	0.13368378336607462	0.13306834486211053	0.1322528513406745	0.13175269931874664	0.1353577063855411	0.17224915630906376	0.13129955124325607	0.13643146027100653	0.12521149906431442	0.12722881727942892	0.1346715967248561	0.1302711713640642	0.13169687972554603	0.12499446346261933	0.1347073579009841	0.1337692570634504	0.13225188469475357	0.12210224828196253	0.12511157673399112	0.12484242317551975	0.12683062616177726	0.1310263303974728	0.1364162018631299	0.1317188130507236	0.12674418049338168	0.12387145480142699	0.12182026814527257	0.12212275125495167	0.13594762047351236	0.12493165488741087	0.13029405482532364	0.13199860615098968	0.1335400091887177	0.13179997634781665	0.12724077793227015	0.133068339709211	0.15388611327709925	0.13226545362858066
0.1312785236641518	0.1394667702971713	0.1227531567309434	0.131813471445685	0.1232160365808149	0.12638243121036394	0.1286566572962479	0.1266929365376416	0.12697515746589297	0.13158279859158792	0.12771626413325654	0.1310216768816613	0.13369942167062548	0.1329702619962742	0.13178392585717408	0.13170923686334546	0.13526593593665803	0.16747442068959983	0.13125115312942645	0.13622799937107077	0.12523352346522432	0.12609055337623218	0.13428435127898772	0.13019049325146334	0.13132553473228523	0.1247234215629526	0.13215035702611963	0.13375757707870292	0.13170885037358626	0.1220732244819114	0.12467686134342053	0.12515148736772455	0.12685002961008296	0.13088966500622468	0.13631792566899187	0.13167277660907914	0.1263632756783718	0.12427778157721704	0.12190518037807728	0.12203720943785708	0.13592272570357364	0.12488603726762838	0.12738976445046862	0.13202748629767028	0.13129142192968474	0.13132342109823372	0.12721884274858036	0.1326602771993706	0.15398327034135087	0.1325769468410367
0.1295753166634414	0.13944682872065672	0.12245900563292167	0.13175388399124074	0.12314345109715459	0.12606345504649497	0.12856968462946664	0.12668272411630324	0.12677942399455167	0.1311616733578319	0.1275714061835131	0.1310887620385171	0.13365291954006295	0.13259198542825124	0.13123079141069557	0.13168080221190587	0.13530493776591165	0.16649690282737256	0.13133701327318056	0.13604309171826823	0.12514126107761764	0.12446040955555888	0.1338608488409552	0.13010661243272648	0.13095394580828762	0.1245918523773659	0.13042210711028365	0.13370316373553565	0.13081535323530816	0.12203370963988572	0.12426595910000693	0.12506335242928082	0.12682598172741308	0.13090037979337127	0.13622846282892473	0.13166653330348468	0.12632572587097707	0.12424529263896802	0.12196622724279968	0.12200199286440702	0.13599060767545804	0.12489139878410276	0.126908457509651	0.13185599651067947	0.13082773083806373	0.13117708950290172	0.12714213420755555	0.13247127291794691	0.15215578097736235	0.13255516209208978
0.12933989261547593	0.13938708771687996	0.12232682403506444	0.13172072854617242	0.12303222305704377	0.12696907806084173	0.1285649074965072	0.12660941170927573	0.1272233628735815	0.1306676779410795	0.12752925875285898	0.1308926773737079	0.1335097474934627	0.13263293033348356	0.1310955380728152	0.13172105064924988	0.1352536287657989	0.1664433945383126	0.1303148508728636	0.13608527358239259	0.1251509111218728	0.12387018696139002	0.13360523212252054	0.13007733921621065	0.13090459720109182	0.12453236879366042	0.13003573895664894	0.13330364025111655	0.12992445916154516	0.12195220613042676	0.12412919910272577	0.12503225356237027	0.1269032599268049	0.1311094584288621	0.1361718771236613	0.13172344726250498	0.1261750735673527	0.12420299101579371	0.12200331079199969	0.12186011915714329	0.13600621941967847	0.12466038065283631	0.12515519364167424	0.13190120025349544	0.1303778765908466	0.13090932494704496	0.12711018842027272	0.13247220080656838	0.15111321268969383	0.13243028250619382
***	EDFA 2	****